300.50	4.8170500122069E-6
301.00	1.0101000043505E-5
301.50	1.017789963953E-5
302.00	6.635199952143E-6
302.50	1.6116399592647E-6
303.00	9.5000001465451E-7
303.50	9.5000001465451E-7
304.00	9.5000001465451E-7
304.50	1.6351100384782E-6
305.00	2.7990499802399E-6
305.50	4.382180122775E-6
306.00	3.6512999486149E-6
306.50	3.267429974585E-6
307.00	1.2922399719173E-6
307.50	1.2608600172825E-6
308.00	3.364019903529E-6
308.50	6.4147698140005E-6
309.00	7.6412998168962E-6
309.50	4.2596998355293E-6
310.00	1.8887900523623E-6
310.50	9.5000001465451E-7
311.00	9.5000001465451E-7
311.50	9.5000001465451E-7
312.00	9.5000001465451E-7
312.50	3.036099997189E-6
313.00	1.3880699953006E-5
313.50	6.0778998886235E-5
314.00	0.00011084599827882
314.50	0.00010497699986445
315.00	4.8461100959685E-5
315.50	9.2019899966544E-6
316.00	7.4182999014738E-6
316.50	1.3896399650548E-5
317.00	1.5348099623225E-5
317.50	2.8884400308016E-5
318.00	7.9028897744138E-5
318.50	0.00020794800366275
319.00	0.0010564599651843
319.50	0.038776598870754
320.00	0.19920000433922
320.50	0.46457698941231
321.00	0.67111200094223
321.50	0.73468101024628
322.00	0.74901700019836
322.50	0.79913902282715
323.00	0.84366601705551
323.50	0.85396701097488
324.00	0.85217797756195
324.50	0.8500030040741
325.00	0.85105699300766
325.50	0.86627197265625
326.00	0.87570297718048
326.50	0.88267397880554
327.00	0.88872402906418
327.50	0.88686400651932
328.00	0.88972002267838
328.50	0.89278197288513
329.00	0.90275001525879
329.50	0.91098099946976
330.00	0.90382701158524
330.50	0.91106098890305
331.00	0.90749800205231
331.50	0.9072539806366
332.00	0.91173100471497
332.50	0.91172802448273
333.00	0.91510301828384
333.50	0.92574399709702
334.00	0.93366497755051
334.50	0.93373197317123
335.00	0.93311202526093
335.50	0.93149298429489
336.00	0.93695598840714
336.50	0.93688398599625
337.00	0.94170999526978
337.50	0.94368797540665
338.00	0.94525700807571
338.50	0.93940299749374
339.00	0.93547600507736
339.50	0.93484002351761
340.00	0.93356901407242
340.50	0.93996101617813
341.00	0.94863700866699
341.50	0.95122098922729
342.00	0.94844299554825
342.50	0.94521301984787
343.00	0.94998997449875
343.50	0.95455098152161
344.00	0.9529590010643
344.50	0.94287997484207
345.00	0.93476998806
345.50	0.92976099252701
346.00	0.93148601055145
346.50	0.94450002908707
347.00	0.94901502132416
347.50	0.95400202274323
348.00	0.95925897359848
348.50	0.96137702465057
349.00	0.95987701416016
349.50	0.96033602952957
350.00	0.96401298046112
350.50	0.96332097053528
351.00	0.95847398042679
351.50	0.95869100093842
352.00	0.96134799718857
352.50	0.96223801374435
353.00	0.96607798337936
353.50	0.96722799539566
354.00	0.96412801742554
354.50	0.96644097566605
355.00	0.9622700214386
355.50	0.9597219824791
356.00	0.95466101169586
356.50	0.9562109708786
357.00	0.95921397209167
357.50	0.9643480181694
358.00	0.96962702274323
358.50	0.97020798921585
359.00	0.96633499860764
359.50	0.96898198127747
360.00	0.96781700849533
360.50	0.9691150188446
361.00	0.96597498655319
361.50	0.96603399515152
362.00	0.96252399682999
362.50	0.96706402301788
363.00	0.96972900629044
363.50	0.97155302762985
364.00	0.96664297580719
364.50	0.96398001909256
365.00	0.96471798419952
365.50	0.96779698133469
366.00	0.96965199708939
366.50	0.97133499383926
367.00	0.96905499696732
367.50	0.97075402736664
368.00	0.97125798463821
368.50	0.96891498565674
369.00	0.96425801515579
369.50	0.95712697505951
370.00	0.95810997486115
370.50	0.96131497621536
371.00	0.95736902952194
371.50	0.94979298114777
372.00	0.94672602415085
372.50	0.95185899734497
373.00	0.95966702699661
373.50	0.95881098508835
374.00	0.948361992836
374.50	0.94508397579193
375.00	0.94356197118759
375.50	0.93677997589111
376.00	0.93806898593903
376.50	0.94814300537109
377.00	0.96030402183533
377.50	0.96820098161697
378.00	0.96508902311325
378.50	0.95658397674561
379.00	0.95185399055481
379.50	0.95570802688599
380.00	0.95878499746323
380.50	0.95253300666809
381.00	0.94125801324844
381.50	0.93477702140808
382.00	0.94069999456406
382.50	0.95162200927734
383.00	0.95718002319336
383.50	0.95587998628616
384.00	0.9536309838295
384.50	0.95494300127029
385.00	0.96105897426605
385.50	0.96406501531601
386.00	0.96174901723862
386.50	0.95462000370026
387.00	0.94830101728439
387.50	0.93861502408981
388.00	0.92452597618103
388.50	0.90446001291275
389.00	0.85238200426102
389.50	0.68052399158478
390.00	0.38631099462509
390.50	0.038089700043201
391.00	0.016912199556828
391.50	0.00069462897954509
392.00	0.00016004400094971
392.50	4.7852201532805E-5
393.00	9.9063900051988E-6
393.50	2.4140099412762E-6
394.00	2.0017901078972E-6
394.50	1.1186799611096E-6
395.00	9.5000001465451E-7
395.50	1.6314399999828E-6
396.00	4.3202999222558E-6
396.50	6.1456398725568E-6
397.00	3.6923399875377E-6
397.50	9.5000001465451E-7
398.00	9.5000001465451E-7
398.50	9.5000001465451E-7
399.00	1.2916100331495E-6
399.50	9.5000001465451E-7
400.00	9.5000001465451E-7
400.50	9.5000001465451E-7
401.00	9.5000001465451E-7
401.50	9.5000001465451E-7
402.00	9.5000001465451E-7
402.50	9.5000001465451E-7
403.00	9.5000001465451E-7
403.50	1.4140099438009E-6
404.00	3.854359874822E-6
404.50	5.6302901612071E-6
405.00	6.1786399783159E-6
405.50	2.4716800908209E-6
406.00	9.5000001465451E-7
406.50	9.5000001465451E-7
407.00	9.5000001465451E-7
407.50	2.3103400508262E-6
408.00	7.4897498052451E-6
408.50	1.1131000064779E-5
409.00	1.1317900316499E-5
409.50	4.7903099584801E-6
410.00	9.5000001465451E-7
410.50	4.9101299737231E-6
411.00	1.1343699952704E-5
411.50	1.0259500413667E-5
412.00	4.2970600588887E-6
412.50	9.5000001465451E-7
413.00	9.5000001465451E-7
413.50	9.5000001465451E-7
414.00	9.5000001465451E-7
414.50	9.5000001465451E-7
415.00	9.5000001465451E-7
415.50	9.5000001465451E-7
416.00	9.5000001465451E-7
416.50	9.5000001465451E-7
417.00	9.5000001465451E-7
417.50	9.5000001465451E-7
418.00	9.5000001465451E-7
418.50	1.0895299737967E-6
419.00	3.4588999824336E-6
419.50	5.2594000408135E-6
420.00	4.7087401071622E-6
420.50	2.4154001039278E-6
421.00	1.2045700259478E-6
421.50	1.7422499922759E-6
422.00	1.0916600103883E-6
422.50	9.5000001465451E-7
423.00	9.5000001465451E-7
423.50	9.5000001465451E-7
424.00	9.5000001465451E-7
424.50	9.5000001465451E-7
425.00	9.5000001465451E-7
425.50	9.5000001465451E-7
426.00	9.5000001465451E-7
426.50	9.5000001465451E-7
427.00	9.5000001465451E-7
427.50	9.5000001465451E-7
428.00	9.5000001465451E-7
428.50	9.5000001465451E-7
429.00	9.5000001465451E-7
429.50	9.5000001465451E-7
430.00	9.5000001465451E-7
430.50	9.5000001465451E-7
431.00	9.5000001465451E-7
431.50	9.5000001465451E-7
432.00	9.5000001465451E-7
432.50	9.5000001465451E-7
433.00	9.5000001465451E-7
433.50	9.5000001465451E-7
434.00	9.5000001465451E-7
434.50	9.5000001465451E-7
435.00	9.5000001465451E-7
435.50	9.5000001465451E-7
436.00	9.5000001465451E-7
436.50	9.5000001465451E-7
437.00	9.5000001465451E-7
437.50	9.5000001465451E-7
438.00	9.5000001465451E-7
438.50	9.5000001465451E-7
439.00	9.5000001465451E-7
439.50	9.5000001465451E-7
440.00	1.0499099971639E-6
440.50	1.0507700380913E-6
441.00	9.5000001465451E-7
441.50	9.5000001465451E-7
442.00	9.5000001465451E-7
442.50	9.5000001465451E-7
443.00	9.5000001465451E-7
443.50	9.5000001465451E-7
444.00	9.5000001465451E-7
444.50	9.5000001465451E-7
445.00	9.5000001465451E-7
445.50	9.5000001465451E-7
446.00	9.5000001465451E-7
446.50	9.5000001465451E-7
447.00	9.8428097317083E-7
447.50	1.5174999816736E-6
448.00	2.2037500002625E-6
448.50	2.959579887829E-6
449.00	3.1081699489732E-6
449.50	1.7765800066627E-6
450.00	1.1137999536004E-6
450.50	9.5000001465451E-7
451.00	9.5000001465451E-7
451.50	9.5000001465451E-7
452.00	9.5000001465451E-7
452.50	9.5000001465451E-7
453.00	1.3185399438953E-6
453.50	2.8535901037685E-6
454.00	3.4037200293824E-6
454.50	2.1788400772493E-6
455.00	9.5000001465451E-7
455.50	9.5000001465451E-7
456.00	9.5000001465451E-7
456.50	9.5000001465451E-7
457.00	2.3307900391956E-6
457.50	9.8552200142876E-6
458.00	1.5756100765429E-5
458.50	1.0802899851114E-5
459.00	2.8070999178453E-6
459.50	9.5000001465451E-7
460.00	9.5000001465451E-7
460.50	9.5000001465451E-7
461.00	9.5000001465451E-7
461.50	9.5000001465451E-7
462.00	9.5000001465451E-7
462.50	9.5000001465451E-7
463.00	9.5000001465451E-7
463.50	9.5000001465451E-7
464.00	9.5000001465451E-7
464.50	9.5000001465451E-7
465.00	9.5000001465451E-7
465.50	9.5000001465451E-7
466.00	9.5000001465451E-7
466.50	9.5000001465451E-7
467.00	9.5000001465451E-7
467.50	9.5000001465451E-7
468.00	9.5000001465451E-7
468.50	9.5000001465451E-7
469.00	9.5000001465451E-7
469.50	9.5000001465451E-7
470.00	1.4548600120179E-6
470.50	1.2350700444586E-6
471.00	9.5000001465451E-7
471.50	9.5000001465451E-7
472.00	9.5000001465451E-7
472.50	9.5000001465451E-7
473.00	1.3878600384487E-6
473.50	1.2464599876694E-6
474.00	9.5000001465451E-7
474.50	9.5000001465451E-7
475.00	9.5000001465451E-7
475.50	9.5000001465451E-7
476.00	9.5000001465451E-7
476.50	9.5000001465451E-7
477.00	9.5000001465451E-7
477.50	9.5000001465451E-7
478.00	9.5000001465451E-7
478.50	9.5000001465451E-7
479.00	9.5000001465451E-7
479.50	2.9578100111394E-6
480.00	8.2383003245923E-6
480.50	1.1940100193897E-5
481.00	1.213599989569E-5
481.50	1.6221199985011E-5
482.00	2.4585500796093E-5
482.50	2.3872600650066E-5
483.00	1.362449984299E-5
483.50	4.1966500248236E-6
484.00	9.5000001465451E-7
484.50	9.5000001465451E-7
485.00	9.5000001465451E-7
485.50	9.5000001465451E-7
486.00	9.5000001465451E-7
486.50	9.5000001465451E-7
487.00	9.5000001465451E-7
487.50	9.5000001465451E-7
488.00	9.5000001465451E-7
488.50	9.5000001465451E-7
489.00	9.5000001465451E-7
489.50	9.5000001465451E-7
490.00	1.1505500197018E-6
490.50	2.6968300517183E-6
491.00	3.3117000839411E-6
491.50	1.9337799130881E-6
492.00	9.5000001465451E-7
492.50	1.0868800472963E-6
493.00	4.2173401197942E-6
493.50	9.5644500106573E-6
494.00	1.2469199646148E-5
494.50	1.0632399607857E-5
495.00	6.8322001425258E-6
495.50	4.8731999413576E-6
496.00	3.9695100895187E-6
496.50	3.4767999750329E-6
497.00	3.3699500363582E-6
497.50	3.4929601042677E-6
498.00	4.7348498810607E-6
498.50	5.6180501815106E-6
499.00	5.1578799684648E-6
499.50	2.8351601031318E-6
500.00	9.5000001465451E-7
500.50	9.5000001465451E-7
501.00	9.5000001465451E-7
501.50	9.5000001465451E-7
502.00	9.6610403943487E-7
502.50	4.5575898184325E-6
503.00	7.6550395533559E-6
503.50	7.2088300839823E-6
504.00	3.8720299926354E-6
504.50	2.489369990144E-6
505.00	3.4473000596336E-6
505.50	2.6228599381284E-6
506.00	1.1739799674615E-6
506.50	9.5000001465451E-7
507.00	9.5000001465451E-7
507.50	2.8569600090123E-6
508.00	7.0686501203454E-6
508.50	8.9518098320696E-6
509.00	5.5904802138684E-6
509.50	1.8280800304638E-6
510.00	9.5000001465451E-7
510.50	9.5000001465451E-7
511.00	9.5000001465451E-7
511.50	9.5000001465451E-7
512.00	9.5000001465451E-7
512.50	9.5000001465451E-7
513.00	9.5000001465451E-7
513.50	9.5000001465451E-7
514.00	9.5000001465451E-7
514.50	9.5000001465451E-7
515.00	9.5000001465451E-7
515.50	9.5000001465451E-7
516.00	9.5000001465451E-7
516.50	9.5000001465451E-7
517.00	9.5000001465451E-7
517.50	9.5000001465451E-7
518.00	9.5000001465451E-7
518.50	9.5000001465451E-7
519.00	9.5000001465451E-7
519.50	9.5000001465451E-7
520.00	9.5000001465451E-7
520.50	9.5000001465451E-7
521.00	9.5000001465451E-7
521.50	9.5000001465451E-7
522.00	1.0920399518E-6
522.50	9.5000001465451E-7
523.00	9.5000001465451E-7
523.50	9.5000001465451E-7
524.00	9.5000001465451E-7
524.50	9.5000001465451E-7
525.00	9.5000001465451E-7
525.50	9.5000001465451E-7
526.00	9.5000001465451E-7
526.50	9.5000001465451E-7
527.00	1.1721799637598E-6
527.50	1.0524800018175E-6
528.00	9.5000001465451E-7
528.50	1.7449100369049E-6
529.00	3.5453499549476E-6
529.50	3.2574901069893E-6
530.00	1.3364699498197E-6
530.50	9.5000001465451E-7
531.00	9.5000001465451E-7
531.50	9.5000001465451E-7
532.00	9.5000001465451E-7
532.50	9.5000001465451E-7
533.00	9.5000001465451E-7
533.50	9.5000001465451E-7
534.00	9.5000001465451E-7
534.50	9.5000001465451E-7
535.00	9.5000001465451E-7
535.50	9.5000001465451E-7
536.00	9.5000001465451E-7
536.50	9.5000001465451E-7
537.00	9.5000001465451E-7
537.50	9.5000001465451E-7
538.00	9.5000001465451E-7
538.50	9.5000001465451E-7
539.00	9.5000001465451E-7
539.50	9.5000001465451E-7
540.00	9.5000001465451E-7
540.50	9.5000001465451E-7
541.00	9.5000001465451E-7
541.50	9.5000001465451E-7
542.00	9.5000001465451E-7
542.50	9.5000001465451E-7
543.00	9.5000001465451E-7
543.50	9.5000001465451E-7
544.00	9.5000001465451E-7
544.50	9.5000001465451E-7
545.00	1.5027100062071E-6
545.50	4.1661701288831E-6
546.00	5.1542601795518E-6
546.50	3.1250399388227E-6
547.00	9.5000001465451E-7
547.50	9.5000001465451E-7
548.00	9.5000001465451E-7
548.50	9.5000001465451E-7
549.00	9.5000001465451E-7
549.50	9.5000001465451E-7
550.00	9.5000001465451E-7
550.50	9.5000001465451E-7
551.00	9.5000001465451E-7
551.50	2.2751798951504E-6
552.00	6.4927498897305E-6
552.50	9.9752396636177E-6
553.00	7.5543898674368E-6
553.50	3.3165799777635E-6
554.00	9.5000001465451E-7
554.50	9.5000001465451E-7
555.00	9.5000001465451E-7
555.50	1.08299002477E-6
556.00	5.7436600400251E-6
556.50	1.3136699635652E-5
557.00	1.7196400222019E-5
557.50	1.2393799806887E-5
558.00	7.0795899773657E-6
558.50	4.932010142511E-6
559.00	3.1327299438999E-6
559.50	1.1978099792032E-6
560.00	9.5000001465451E-7
560.50	9.5000001465451E-7
561.00	9.5000001465451E-7
561.50	9.5000001465451E-7
562.00	9.5000001465451E-7
562.50	2.1552600628638E-6
563.00	3.3113399240392E-6
563.50	2.5054100660782E-6
564.00	9.5000001465451E-7
564.50	9.5000001465451E-7
565.00	9.5000001465451E-7
565.50	9.5000001465451E-7
566.00	9.5000001465451E-7
566.50	9.5000001465451E-7
567.00	1.0433300303703E-6
567.50	1.1632499763436E-6
568.00	9.5000001465451E-7
568.50	9.5000001465451E-7
569.00	9.5000001465451E-7
569.50	9.5000001465451E-7
570.00	9.5000001465451E-7
570.50	9.5000001465451E-7
571.00	1.5409600564453E-6
571.50	7.1733797994966E-6
572.00	1.7585600289749E-5
572.50	2.3505899662268E-5
573.00	1.6887699530344E-5
573.50	6.2333701862372E-6
574.00	9.5000001465451E-7
574.50	9.5000001465451E-7
575.00	9.5000001465451E-7
575.50	9.5000001465451E-7
576.00	9.5000001465451E-7
576.50	9.5000001465451E-7
577.00	9.5000001465451E-7
577.50	9.5000001465451E-7
578.00	9.5000001465451E-7
578.50	9.5000001465451E-7
579.00	9.5000001465451E-7
579.50	9.5000001465451E-7
580.00	9.5000001465451E-7
580.50	9.5000001465451E-7
581.00	9.5000001465451E-7
581.50	9.5000001465451E-7
582.00	9.5000001465451E-7
582.50	9.5000001465451E-7
583.00	9.5000001465451E-7
583.50	9.5000001465451E-7
584.00	9.5000001465451E-7
584.50	9.5000001465451E-7
585.00	9.5000001465451E-7
585.50	9.5000001465451E-7
586.00	9.5000001465451E-7
586.50	2.4942301024566E-6
587.00	1.0948199815175E-5
587.50	1.9786999473581E-5
588.00	2.063889951387E-5
588.50	1.5570300092804E-5
589.00	1.0604800081637E-5
589.50	5.8981499932997E-6
590.00	1.8031900026472E-6
590.50	9.5000001465451E-7
591.00	9.5000001465451E-7
591.50	9.5000001465451E-7
592.00	9.5000001465451E-7
592.50	9.5000001465451E-7
593.00	9.5000001465451E-7
593.50	9.5000001465451E-7
594.00	9.5000001465451E-7
594.50	9.5000001465451E-7
595.00	9.5000001465451E-7
595.50	9.5000001465451E-7
596.00	9.5000001465451E-7
596.50	9.5000001465451E-7
597.00	1.6237499949057E-6
597.50	3.2858199574548E-6
598.00	3.2101399938256E-6
598.50	1.695559944892E-6
599.00	9.5000001465451E-7
599.50	9.5000001465451E-7
600.00	9.5000001465451E-7
600.50	9.5000001465451E-7
601.00	9.5000001465451E-7
601.50	9.5000001465451E-7
602.00	9.5000001465451E-7
602.50	9.5000001465451E-7
603.00	1.6340400179615E-6
603.50	5.2995801524958E-6
604.00	1.0567499884928E-5
604.50	1.4177299817675E-5
605.00	1.1354700291122E-5
605.50	5.960299858998E-6
606.00	2.075920065181E-6
606.50	9.5000001465451E-7
607.00	9.5000001465451E-7
607.50	9.5000001465451E-7
608.00	9.5000001465451E-7
608.50	9.5000001465451E-7
609.00	9.5000001465451E-7
609.50	9.5000001465451E-7
610.00	9.5000001465451E-7
610.50	9.5000001465451E-7
611.00	9.5000001465451E-7
611.50	2.4153800950444E-6
612.00	5.3797098189534E-6
612.50	6.7570399551187E-6
613.00	3.9485998968303E-6
613.50	1.3442099771055E-6
614.00	9.5000001465451E-7
614.50	9.5000001465451E-7
615.00	9.5000001465451E-7
615.50	9.5000001465451E-7
616.00	9.5000001465451E-7
616.50	9.5000001465451E-7
617.00	9.5000001465451E-7
617.50	9.5000001465451E-7
618.00	9.5000001465451E-7
618.50	9.5000001465451E-7
619.00	9.5000001465451E-7
619.50	9.5000001465451E-7
620.00	9.5000001465451E-7
620.50	1.0748899512691E-6
621.00	2.6576499294606E-6
621.50	6.4972500695148E-6
622.00	1.0492400178919E-5
622.50	1.1928899766644E-5
623.00	9.4477600214304E-6
623.50	5.7580900829635E-6
624.00	3.3389999316569E-6
624.50	2.6274299216311E-6
625.00	2.3733500711387E-6
625.50	2.3789000351826E-6
626.00	2.6257400804752E-6
626.50	2.7291100650473E-6
627.00	2.5628000912548E-6
627.50	2.6162899757765E-6
628.00	2.2962599359744E-6
628.50	1.7033800077115E-6
629.00	1.4050899608264E-6
629.50	1.0586099961074E-6
630.00	9.5797804533504E-7
630.50	9.5000001465451E-7
631.00	9.5000001465451E-7
631.50	1.1442200502643E-6
632.00	2.2966000869928E-6
632.50	6.2871699810785E-6
633.00	9.7680504040909E-6
633.50	9.7210204330622E-6
634.00	5.489579962159E-6
634.50	1.7615900560486E-6
635.00	9.5000001465451E-7
635.50	9.5000001465451E-7
636.00	9.5000001465451E-7
636.50	9.5000001465451E-7
637.00	9.5000001465451E-7
637.50	9.5000001465451E-7
638.00	9.5000001465451E-7
638.50	9.5000001465451E-7
639.00	1.9065900005444E-6
639.50	6.0006200328644E-6
640.00	1.1955299669353E-5
640.50	1.4862400348647E-5
641.00	1.1023399565602E-5
641.50	6.4832502175705E-6
642.00	5.1070701374556E-6
642.50	7.9483697845717E-6
643.00	1.3973100067233E-5
643.50	1.8081800590153E-5
644.00	1.4689299860038E-5
644.50	7.4679801400634E-6
645.00	3.0399401111936E-6
645.50	1.8468200551069E-6
646.00	1.6377000520151E-6
646.50	2.5007500426E-6
647.00	3.6472299598245E-6
647.50	4.4521698328026E-6
648.00	4.2402798499097E-6
648.50	2.3420400339091E-6
649.00	9.7149700195587E-7
649.50	9.5000001465451E-7
650.00	9.5000001465451E-7
650.50	9.5000001465451E-7
651.00	9.5000001465451E-7
651.50	9.5000001465451E-7
652.00	9.5000001465451E-7
652.50	9.5000001465451E-7
653.00	3.7519801026065E-6
653.50	1.014600002236E-5
654.00	1.4292400010163E-5
654.50	1.0901299901889E-5
655.00	4.3882700992981E-6
655.50	1.287980012421E-6
656.00	9.5000001465451E-7
656.50	1.0034200386144E-6
657.00	1.2703100082945E-6
657.50	1.40440999985E-6
658.00	1.0906600209637E-6
658.50	9.5000001465451E-7
659.00	9.5000001465451E-7
659.50	9.5000001465451E-7
660.00	9.5000001465451E-7
660.50	9.5000001465451E-7
661.00	9.5000001465451E-7
661.50	9.5000001465451E-7
662.00	9.5000001465451E-7
662.50	9.5000001465451E-7
663.00	9.5000001465451E-7
663.50	9.5000001465451E-7
664.00	9.5000001465451E-7
664.50	9.5000001465451E-7
665.00	9.5000001465451E-7
665.50	9.5000001465451E-7
666.00	9.5000001465451E-7
666.50	9.5000001465451E-7
667.00	9.5000001465451E-7
667.50	9.5000001465451E-7
668.00	9.5000001465451E-7
668.50	9.5000001465451E-7
669.00	9.5000001465451E-7
669.50	9.5000001465451E-7
670.00	9.5000001465451E-7
670.50	1.1407599913582E-6
671.00	1.3930899740444E-6
671.50	1.6758699530328E-6
672.00	1.8880599554905E-6
672.50	1.7410700365872E-6
673.00	1.7210199985129E-6
673.50	1.7331899471174E-6
674.00	1.7313000171271E-6
674.50	1.6572299728068E-6
675.00	1.5023899777589E-6
675.50	1.51671997628E-6
676.00	1.3607999562737E-6
676.50	1.0972399877573E-6
677.00	1.1706599707395E-6
677.50	1.2838499969803E-6
678.00	1.3548200286095E-6
678.50	1.4190800357028E-6
679.00	1.7532499896333E-6
679.50	1.9255201095802E-6
680.00	2.1198700324021E-6
680.50	2.3020500066195E-6
681.00	2.4597300125606E-6
681.50	2.3763400349708E-6
682.00	2.0839700027864E-6
682.50	1.9015999441763E-6
683.00	1.9756200799748E-6
683.50	2.1267298961902E-6
684.00	1.9486299152049E-6
684.50	2.1263199414534E-6
685.00	2.535180101404E-6
685.50	3.001480081366E-6
686.00	3.4198299090349E-6
686.50	3.5281400414533E-6
687.00	3.3362900921929E-6
687.50	2.7249700451648E-6
688.00	2.0685799881903E-6
688.50	1.7798799945012E-6
689.00	1.6909499436224E-6
689.50	1.8537399455454E-6
690.00	2.256510015286E-6
690.50	2.5387000732735E-6
691.00	2.0553000013024E-6
691.50	1.3147699746696E-6
692.00	9.5000001465451E-7
692.50	9.5000001465451E-7
693.00	9.5000001465451E-7
693.50	9.5000001465451E-7
694.00	9.5000001465451E-7
694.50	9.5000001465451E-7
695.00	9.5000001465451E-7
695.50	9.5000001465451E-7
696.00	9.5000001465451E-7
696.50	9.5000001465451E-7
697.00	9.5000001465451E-7
697.50	9.5000001465451E-7
698.00	9.5000001465451E-7
698.50	9.5000001465451E-7
699.00	9.5000001465451E-7
699.50	9.5000001465451E-7
700.00	9.5000001465451E-7
700.50	9.5000001465451E-7
701.00	9.5000001465451E-7
701.50	9.5000001465451E-7
702.00	9.5000001465451E-7
702.50	9.5000001465451E-7
703.00	9.5000001465451E-7
703.50	9.5000001465451E-7
704.00	9.5000001465451E-7
704.50	9.5000001465451E-7
705.00	9.5000001465451E-7
705.50	9.5000001465451E-7
706.00	9.5000001465451E-7
706.50	9.5000001465451E-7
707.00	1.0155599738937E-6
707.50	1.8876900185205E-6
708.00	2.4675700842636E-6
708.50	5.0173998715763E-6
709.00	7.6605601861957E-6
709.50	8.7526195784449E-6
710.00	7.6069400165579E-6
710.50	5.7579100030125E-6
711.00	2.317209919056E-6
711.50	1.5593999478369E-6
712.00	9.5000001465451E-7
712.50	9.5000001465451E-7
713.00	9.5000001465451E-7
713.50	9.5000001465451E-7
714.00	9.5000001465451E-7
714.50	9.5000001465451E-7
715.00	9.5000001465451E-7
715.50	9.5000001465451E-7
716.00	9.5000001465451E-7
716.50	9.5000001465451E-7
717.00	9.5000001465451E-7
717.50	9.5000001465451E-7
718.00	9.5000001465451E-7
718.50	9.5000001465451E-7
719.00	9.5000001465451E-7
719.50	9.5000001465451E-7
720.00	9.5000001465451E-7
720.50	9.5000001465451E-7
721.00	9.5000001465451E-7
721.50	9.5000001465451E-7
722.00	9.5000001465451E-7
722.50	9.5000001465451E-7
723.00	9.5000001465451E-7
723.50	9.5000001465451E-7
724.00	9.5000001465451E-7
724.50	9.5000001465451E-7
725.00	9.5000001465451E-7
725.50	9.5000001465451E-7
726.00	9.5000001465451E-7
726.50	9.5000001465451E-7
727.00	9.5000001465451E-7
727.50	9.5000001465451E-7
728.00	9.5000001465451E-7
728.50	9.5000001465451E-7
729.00	9.5000001465451E-7
729.50	9.5000001465451E-7
730.00	9.5000001465451E-7
730.50	1.6411299839092E-6
731.00	3.6337401070341E-6
731.50	7.252130217239E-6
732.00	1.0684700100683E-5
732.50	1.1944700418098E-5
733.00	1.1296299817332E-5
733.50	8.4596604210674E-6
734.00	7.6652204370475E-6
734.50	1.0075999853143E-5
735.00	1.2987299669476E-5
735.50	1.6138499631779E-5
736.00	1.6154099284904E-5
736.50	1.3442800081975E-5
737.00	6.9280899879232E-6
737.50	4.3358800212445E-6
738.00	2.6510099360166E-6
738.50	1.9438100480329E-6
739.00	1.3861899788026E-6
739.50	1.2965499536222E-6
740.00	1.3767199789072E-6
740.50	1.5441599998667E-6
741.00	2.3248198885994E-6
741.50	2.5671199637145E-6
742.00	3.9534302231914E-6
742.50	4.3367199396016E-6
743.00	4.3332997847756E-6
743.50	3.4732699987217E-6
744.00	2.9381699278019E-6
744.50	2.0671700440289E-6
745.00	2.3129900910135E-6
745.50	1.4857399719403E-6
746.00	2.1466501038958E-6
746.50	2.9055499908281E-6
747.00	3.8872699406056E-6
747.50	6.4539699451416E-6
748.00	6.5513499976078E-6
748.50	5.3863900575379E-6
749.00	3.209469923604E-6
749.50	1.328359985564E-6
750.00	9.5000001465451E-7
750.50	9.5000001465451E-7
751.00	9.5000001465451E-7
751.50	9.5000001465451E-7
752.00	9.5000001465451E-7
752.50	9.5000001465451E-7
753.00	9.5000001465451E-7
753.50	9.5000001465451E-7
754.00	9.5000001465451E-7
754.50	9.5000001465451E-7
755.00	9.5000001465451E-7
755.50	9.5000001465451E-7
756.00	9.5000001465451E-7
756.50	9.5000001465451E-7
757.00	1.8383600490779E-6
757.50	3.2136099434865E-6
758.00	6.3758297983441E-6
758.50	8.1284997577313E-6
759.00	7.9521996667609E-6
759.50	5.4102602007333E-6
760.00	2.4168500658561E-6
760.50	1.525510015199E-6
761.00	9.7627901141095E-7
761.50	9.5000001465451E-7
762.00	1.131320004788E-6
762.50	9.5000001465451E-7
763.00	1.0817700513144E-6
763.50	1.4895299500495E-6
764.00	2.0660399968619E-6
764.50	3.6224701034371E-6
765.00	5.0737598940032E-6
765.50	7.8778903116472E-6
766.00	1.4726800145581E-5
766.50	2.5366200134158E-5
767.00	3.5596498491941E-5
767.50	4.4431701098802E-5
768.00	4.349890150479E-5
768.50	3.5222601582063E-5
769.00	2.5281600755989E-5
769.50	1.4519099750032E-5
770.00	9.131519618677E-6
770.50	5.4720599109714E-6
771.00	3.6985200040363E-6
771.50	2.3657200927119E-6
772.00	1.8218900095235E-6
772.50	1.4188200339049E-6
773.00	1.6212600257859E-6
773.50	1.2610399835467E-6
774.00	1.2427799447323E-6
774.50	9.5000001465451E-7
775.00	9.5000001465451E-7
775.50	1.0916800192717E-6
776.00	9.5000001465451E-7
776.50	9.5000001465451E-7
777.00	9.5000001465451E-7
777.50	9.5000001465451E-7
778.00	1.2356899787846E-6
778.50	1.0891000101765E-6
779.00	1.5648799944756E-6
779.50	1.4233499996408E-6
780.00	1.9099800283584E-6
780.50	1.4997400512584E-6
781.00	1.8659300167201E-6
781.50	1.5889800124569E-6
782.00	1.5802099824214E-6
782.50	2.249030103485E-6
783.00	2.0904899429297E-6
783.50	1.6563500366829E-6
784.00	2.568850050011E-6
784.50	2.4021101125982E-6
785.00	1.5775000292706E-6
785.50	2.3031000182527E-6
786.00	2.0103800579818E-6
786.50	1.8863900095312E-6
787.00	2.8946799375262E-6
787.50	3.6960300349165E-6
788.00	4.3018799260608E-6
788.50	7.5648299571185E-6
789.00	1.143450026575E-5
789.50	1.9666700609378E-5
790.00	2.1747100618086E-5
790.50	2.5940900741261E-5
791.00	2.2551999791176E-5
791.50	1.6154199329321E-5
792.00	1.3436900189845E-5
792.50	9.7204501798842E-6
793.00	5.9734697970271E-6
793.50	6.5414001255704E-6
794.00	7.3346300268895E-6
794.50	6.2477902247338E-6
795.00	7.4144400059595E-6
795.50	7.1203398874786E-6
796.00	7.27625001673E-6
796.50	8.4761395555688E-6
797.00	6.647169811913E-6
797.50	5.3773701438331E-6
798.00	4.805110165762E-6
798.50	3.5028699585382E-6
799.00	2.0758800474141E-6
799.50	1.6898800367926E-6
800.00	6.0169900280016E-6
800.50	6.0249799389567E-6
801.00	6.0329698499118E-6
801.50	6.1970299611858E-6
802.00	6.3609800236009E-6
802.50	6.4700298025855E-6
803.00	6.579060027434E-6
803.50	6.7530600063037E-6
804.00	6.9271500251489E-6
804.50	7.336299859162E-6
805.00	7.7450604294427E-6
805.50	7.9949595601647E-6
806.00	8.2447004388086E-6
806.50	8.5176197899273E-6
807.00	8.7906300905161E-6
807.50	8.990999958769E-6
808.00	9.1912597781629E-6
808.50	8.9503701019567E-6
809.00	8.7094003902166E-6
809.50	9.0780904429266E-6
810.00	9.4463703135261E-6
810.50	9.1917299869237E-6
811.00	8.9370596469962E-6
811.50	8.6133695731405E-6
812.00	8.2898795881192E-6
812.50	8.1246098488919E-6
813.00	7.95943014964E-6
813.50	7.8665098044439E-6
814.00	7.7736003731843E-6
814.50	7.3831602094288E-6
815.00	6.9929501478327E-6
815.50	6.5162398641405E-6
816.00	6.0397101151466E-6
816.50	5.5117698138929E-6
817.00	4.983669896319E-6
817.50	4.7226499191311E-6
818.00	4.4619300751947E-6
818.50	4.1842199607345E-6
819.00	3.9065598684829E-6
819.50	3.303829998913E-6
820.00	2.7014600618713E-6
820.50	2.7179000881006E-6
821.00	2.7343301098881E-6
821.50	2.4438900254609E-6
822.00	2.1534199277085E-6
822.50	1.9224401057727E-6
823.00	1.6915900005188E-6
823.50	1.5438499758602E-6
824.00	1.3961599734102E-6
824.50	1.6223599459408E-6
825.00	1.848350052569E-6
825.50	2.2757799342799E-6
826.00	2.7031398985855E-6
826.50	2.8997899335081E-6
827.00	3.0964999950811E-6
827.50	3.6252299651096E-6
828.00	4.1533298826835E-6
828.50	4.5046599552734E-6
829.00	4.8559500100964E-6
829.50	5.4307997743308E-6
830.00	6.0052698245272E-6
830.50	6.6052398324246E-6
831.00	7.2048701440508E-6
831.50	7.6866299423273E-6
832.00	8.1679900176823E-6
832.50	8.7910102593014E-6
833.00	9.4138504209695E-6
833.50	9.7371403171564E-6
834.00	1.0060200111184E-5
834.50	1.0482400284673E-5
835.00	1.0904599548667E-5
835.50	1.1172000085935E-5
836.00	1.1439199624874E-5
836.50	1.1552700016182E-5
837.00	1.1666300451907E-5
837.50	1.1275699762336E-5
838.00	1.0885400115512E-5
838.50	1.0597100299492E-5
839.00	1.0308899618394E-5
839.50	9.8767595773097E-6
840.00	9.444699571759E-6
840.50	9.0135499704047E-6
841.00	8.5824804045842E-6
841.50	8.0901700130198E-6
842.00	7.598479896842E-6
842.50	7.0668202170054E-6
843.00	6.5352101046301E-6
843.50	6.0222300817259E-6
844.00	5.5095802053984E-6
844.50	4.9550699259271E-6
845.00	4.4006401367369E-6
845.50	3.8654898162349E-6
846.00	3.3310700473521E-6
846.50	2.9750199246337E-6
847.00	2.6187999537797E-6
847.50	2.3601899101777E-6
848.00	2.101819973177E-6
848.50	2.1749099232693E-6
849.00	2.2479600829683E-6
849.50	2.1157100036362E-6
850.00	1.9834299109789E-6
850.50	1.8273600517205E-6
851.00	1.6714900539228E-6
851.50	1.8728300119619E-6
852.00	2.0740399122587E-6
852.50	2.2156800696393E-6
853.00	2.3572099507874E-6
853.50	2.6273401090293E-6
854.00	2.8975000532228E-6
854.50	3.0555800094589E-6
855.00	3.2135399123945E-6
855.50	3.3733199416019E-6
856.00	3.5330699574843E-6
856.50	3.9614401430299E-6
857.00	4.3894401642319E-6
857.50	4.6550799197576E-6
858.00	4.9206400944968E-6
858.50	5.140369921719E-6
859.00	5.3600201681547E-6
859.50	5.5005598369462E-6
860.00	5.641029929393E-6
860.50	5.9637500271492E-6
861.00	6.2863300627214E-6
861.50	6.2505500864063E-6
862.00	6.2147901189746E-6
862.50	6.2955200519355E-6
863.00	6.3761999626877E-6
863.50	6.1694199757767E-6
864.00	5.9627200243995E-6
864.50	5.9085800785397E-6
865.00	5.8544601415633E-6
865.50	5.7584898058849E-6
866.00	5.6625699471624E-6
866.50	5.3810199460713E-6
867.00	5.0997900871153E-6
867.50	4.972399892722E-6
868.00	4.844980139751E-6
868.50	4.6244499571912E-6
869.00	4.4040398279321E-6
869.50	4.2356500671303E-6
870.00	4.0673298826732E-6
870.50	3.8534199120477E-6
871.00	3.6396500036062E-6
871.50	3.7492200135603E-6
872.00	3.858800027956E-6
872.50	3.6503799947241E-6
873.00	3.4420600059093E-6
873.50	3.4570700790937E-6
874.00	3.4720699204627E-6
874.50	3.288949983471E-6
875.00	3.1059601042216E-6
875.50	2.9638899832207E-6
876.00	2.8218200895935E-6
876.50	2.5558999823261E-6
877.00	2.2900699150341E-6
877.50	2.1437999748741E-6
878.00	1.997570052481E-6
878.50	1.8439400264469E-6
879.00	1.6903200048546E-6
879.50	1.5266599575625E-6
880.00	1.3630899502459E-6
880.50	1.2057699905199E-6
881.00	1.0485199481991E-6
881.50	9.5000001465451E-7
882.00	9.5000001465451E-7
882.50	9.5000001465451E-7
883.00	9.5000001465451E-7
883.50	9.5000001465451E-7
884.00	9.5000001465451E-7
884.50	9.5000001465451E-7
885.00	9.845030035649E-7
885.50	9.9895396488137E-7
886.00	1.0134000376638E-6
886.50	1.0210400205324E-6
887.00	1.028680003401E-6
887.50	1.0855900427487E-6
888.00	1.142519977293E-6
888.50	1.1730500091289E-6
889.00	1.2035700365232E-6
889.50	1.2724300404443E-6
890.00	1.3412400221569E-6
890.50	1.54017004661E-6
891.00	1.7391199662598E-6
891.50	1.7883299960886E-6
892.00	1.8375100125922E-6
892.50	2.0268898879294E-6
893.00	2.2163699213706E-6
893.50	2.2683600491291E-6
894.00	2.3203499495139E-6
894.50	2.4521200430172E-6
895.00	2.5837500743364E-6
895.50	2.7695800781657E-6
896.00	2.9554601042037E-6
896.50	3.1186000342132E-6
897.00	3.2817699775478E-6
897.50	3.5503198887454E-6
898.00	3.8187799873413E-6
898.50	3.9013298192003E-6
899.00	3.9838901102485E-6
899.50	3.9524898056698E-6
900.00	3.9210899558384E-6
900.50	3.8876301005075E-6
901.00	3.8541597859876E-6
901.50	3.9760498111718E-6
902.00	4.0978297874972E-6
902.50	4.2886199480563E-6
903.00	4.4794401219406E-6
903.50	4.5396600398817E-6
904.00	4.599909971148E-6
904.50	4.9461900744063E-6
905.00	5.2921800488548E-6
905.50	5.613950179395E-6
906.00	5.9357098507462E-6
906.50	6.3263501033362E-6
907.00	6.7171899900131E-6
907.50	7.0392197812907E-6
908.00	7.3612300184323E-6
908.50	7.5387001743366E-6
909.00	7.7160702858237E-6
909.50	7.6146297942614E-6
910.00	7.5133098107472E-6
910.50	7.1709300755174E-6
911.00	6.8284098233562E-6
911.50	6.2939197960077E-6
912.00	5.759579835285E-6
912.50	5.1289098337293E-6
913.00	4.4977300603932E-6
913.50	3.9306000871875E-6
914.00	3.3636199532339E-6
914.50	2.9971899948578E-6
915.00	2.6309799068258E-6
915.50	2.3525799406343E-6
916.00	2.0741099433508E-6
916.50	2.0284899164835E-6
917.00	1.9828698896163E-6
917.50	2.0458398921619E-6
918.00	2.1087901131978E-6
918.50	1.9330800569151E-6
919.00	1.757420022841E-6
919.50	1.9080100628344E-6
920.00	2.0585600850609E-6
920.50	2.2275899027591E-6
921.00	2.3966099433892E-6
921.50	2.569870048319E-6
922.00	2.7430301088316E-6
922.50	2.8903500606248E-6
923.00	3.0377100301848E-6
923.50	3.4446200061211E-6
924.00	3.8511097955052E-6
924.50	4.2896599552478E-6
925.00	4.7284697757277E-6
925.50	5.1085198720102E-6
926.00	5.4886700127099E-6
926.50	5.6818898883648E-6
927.00	5.8749401432578E-6
927.50	6.0649699662463E-6
928.00	6.2551198425354E-6
928.50	6.2505200730811E-6
929.00	6.2459198488796E-6
929.50	6.3355100792251E-6
930.00	6.4251498770318E-6
930.50	6.2067801991361E-6
931.00	5.9884700931434E-6
931.50	5.8776799960469E-6
932.00	5.7668098634167E-6
932.50	5.846749900229E-6
933.00	5.9267199503665E-6
933.50	5.9976000557072E-6
934.00	6.0684301388392E-6
934.50	6.6787501964427E-6
935.00	7.2894999902928E-6
935.50	7.8963003034005E-6
936.00	8.5027695604367E-6
936.50	9.3043299784767E-6
937.00	1.0106799891219E-5
937.50	1.0781999662868E-5
938.00	1.145779970102E-5
938.50	1.2192799658806E-5
939.00	1.2927699572174E-5
939.50	1.3433200365398E-5
940.00	1.3938500160293E-5
940.50	1.3874900105293E-5
941.00	1.3811300050293E-5
941.50	1.3502200090443E-5
942.00	1.3193000086176E-5
942.50	1.2489200344135E-5
943.00	1.1785999959102E-5
943.50	1.1364199963282E-5
944.00	1.0941599612124E-5
944.50	1.0427899724164E-5
945.00	9.9140797829023E-6
945.50	9.8284299383522E-6
946.00	9.7427800938021E-6
946.50	9.6189296527882E-6
947.00	9.495080121269E-6
947.50	9.6337398645119E-6
948.00	9.7725396699389E-6
948.50	1.0060999557027E-5
949.00	1.0349500371376E-5
949.50	1.0567599929345E-5
950.00	1.0785600352392E-5
950.50	1.0840100003406E-5
951.00	1.0894599654421E-5
951.50	1.099909968616E-5
952.00	1.1103599717899E-5
952.50	1.1010300113412E-5
953.00	1.0916999599431E-5
953.50	1.0632499652274E-5
954.00	1.0347899660701E-5
954.50	9.9839598988183E-6
955.00	9.6199401014019E-6
955.50	9.0710600488819E-6
956.00	8.5221699919202E-6
956.50	7.9599203672842E-6
957.00	7.3969999903056E-6
957.50	6.8511199060595E-6
958.00	6.3056199905986E-6
958.50	6.1513901528087E-6
959.00	5.9972799135721E-6
959.50	5.7407501117268E-6
960.00	5.4837300922372E-6
960.50	5.4946799536992E-6
961.00	5.5056298151612E-6
961.50	5.811430128233E-6
962.00	6.1169598666311E-6
962.50	6.2664298638992E-6
963.00	6.4159298744926E-6
963.50	7.1179001679411E-6
964.00	7.8199400377343E-6
964.50	8.7879097918631E-6
965.00	9.7552001534496E-6
965.50	1.060470003722E-5
966.00	1.145530040958E-5
966.50	1.1977300346189E-5
967.00	1.2498800060712E-5
967.50	1.2645599781536E-5
968.00	1.2792599591194E-5
968.50	1.2380100088194E-5
969.00	1.1967799764534E-5
969.50	1.1014400115528E-5
970.00	1.0061799912364E-5
970.50	9.1735200840048E-6
971.00	8.2849901446025E-6
971.50	7.6093801908428E-6
972.00	6.9338998400781E-6
972.50	6.3603401940782E-6
973.00	5.7864799600793E-6
973.50	5.566039817495E-6
974.00	5.3455501074495E-6
974.50	5.3585499699693E-6
975.00	5.3715398280474E-6
975.50	5.6679600675125E-6
976.00	5.9647500165738E-6
976.50	6.4761297835503E-6
977.00	6.9869402068434E-6
977.50	7.4518698056636E-6
978.00	7.9169003583957E-6
978.50	8.6839399955352E-6
979.00	9.450780453335E-6
979.50	9.8846303444589E-6
980.00	1.0318400200049E-5
980.50	1.0425200343889E-5
981.00	1.0531999578234E-5
981.50	1.0182099686062E-5
982.00	9.8323898782837E-6
982.50	9.3991002358962E-6
983.00	8.9653603936313E-6
983.50	8.175849870895E-6
984.00	7.3875298767234E-6
984.50	6.746150120307E-6
985.00	6.1043201640132E-6
985.50	5.7011397984752E-6
986.00	5.2982200031693E-6
986.50	4.9410400606575E-6
987.00	4.5839501581213E-6
987.50	4.6642499000882E-6
988.00	4.7445901145693E-6
988.50	4.7931998778949E-6
989.00	4.8417700782011E-6
989.50	5.0109101721318E-6
990.00	5.1802999223582E-6
990.50	5.2367900025274E-6
991.00	5.2931700338377E-6
991.50	5.5573500503669E-6
992.00	5.8218802223564E-6
992.50	6.0234401644266E-6
993.00	6.2246299421531E-6
993.50	6.1313398873608E-6
994.00	6.0379197748262E-6
994.50	6.0674601627397E-6
995.00	6.0969900914642E-6
995.50	5.9805702221638E-6
996.00	5.8641398936743E-6
996.50	5.6185899666161E-6
997.00	5.3732501328341E-6
997.50	5.2158397920721E-6
998.00	5.0584699238243E-6
998.50	4.8958800107357E-6
999.00	4.733260084322E-6
999.50	4.7848798203631E-6
1000.00	4.8365100155934E-6
1000.50	4.6581699280068E-6
1001.00	4.4798898670706E-6
1001.50	4.5528800001193E-6
1002.00	4.6258201109595E-6
1002.50	4.8133802010852E-6
1003.00	5.0010398808809E-6
1003.50	5.2348900680954E-6
1004.00	5.4686001931259E-6
1004.50	5.8990799516323E-6
1005.00	6.3294701249106E-6
1005.50	6.7717601268669E-6
1006.00	7.2137499955716E-6
1006.50	7.7910099207656E-6
1007.00	8.3688801169046E-6
1007.50	8.6660302258679E-6
1008.00	8.9628802015795E-6
1008.50	9.2179698185646E-6
1009.00	9.473180398345E-6
1009.50	9.2115396910231E-6
1010.00	8.9500899775885E-6
1010.50	8.4228204286774E-6
1011.00	7.8954599302961E-6
1011.50	7.3330597842869E-6
1012.00	6.771219887014E-6
1012.50	6.1510800151154E-6
1013.00	5.5305299611064E-6
1013.50	5.1235701903352E-6
1014.00	4.7169000936265E-6
1014.50	4.2177498471574E-6
1015.00	3.7188299302215E-6
1015.50	3.6675201045E-6
1016.00	3.6161900425213E-6
1016.50	3.3034900752682E-6
1017.00	2.9911800538684E-6
1017.50	2.9683599223063E-6
1018.00	2.9455000003509E-6
1018.50	2.7839100766869E-6
1019.00	2.6225700366922E-6
1019.50	2.7164398943569E-6
1020.00	2.8104200282542E-6
1020.50	2.8015899715683E-6
1021.00	2.7927699193242E-6
1021.50	2.9807999908371E-6
1022.00	3.1692300126451E-6
1022.50	3.1242400382325E-6
1023.00	3.0793401037954E-6
1023.50	3.0618200526078E-6
1024.00	3.0442899969785E-6
1024.50	3.1408299037139E-6
1025.00	3.2372900022892E-6
1025.50	3.1851600397204E-6
1026.00	3.1330000638263E-6
1026.50	3.0576300105167E-6
1027.00	2.9822099349985E-6
1027.50	2.9358900519583E-6
1028.00	2.8896399726364E-6
1028.50	2.5768099476409E-6
1029.00	2.2635799723503E-6
1029.50	2.2896799691807E-6
1030.00	2.3157699615695E-6
1030.50	2.2398201053875E-6
1031.00	2.1638400085067E-6
1031.50	2.094780029438E-6
1032.00	2.0257400592527E-6
1032.50	2.2050999177736E-6
1033.00	2.3843099370424E-6
1033.50	2.3744401005388E-6
1034.00	2.3645700366615E-6
1034.50	2.5416100015718E-6
1035.00	2.7182400117454E-6
1035.50	2.7482999485073E-6
1036.00	2.7784399208031E-6
1036.50	2.9061200166325E-6
1037.00	3.0335199880938E-6
1037.50	3.2047100830823E-6
1038.00	3.3760400128813E-6
1038.50	3.5814200600726E-6
1039.00	3.7869799598411E-6
1039.50	3.77228002435E-6
1040.00	3.7575900933007E-6
1040.50	3.7007700939284E-6
1041.00	3.6438900679059E-6
1041.50	3.4301999676245E-6
1042.00	3.2169100450119E-6
1042.50	3.2363000173063E-6
1043.00	3.2557099984842E-6
1043.50	2.92255003842E-6
1044.00	2.5893800739141E-6
1044.50	2.5488100163784E-6
1045.00	2.5083199943765E-6
1045.50	2.3612499262526E-6
1046.00	2.213909965576E-6
1046.50	2.1523899249587E-6
1047.00	2.09091990655E-6
1047.50	2.210299953731E-6
1048.00	2.3296499875869E-6
1048.50	2.2221099698072E-6
1049.00	2.1143900994502E-6
1049.50	2.1810399175592E-6
1050.00	2.2475899186247E-6
1050.50	2.30035993809E-6
1051.00	2.3530999442301E-6
1051.50	2.4255500647996E-6
1052.00	2.4980199668789E-6
1052.50	2.573159918029E-6
1053.00	2.6482800876693E-6
1053.50	2.708620058911E-6
1054.00	2.7690300612448E-6
1054.50	2.9066700335534E-6
1055.00	3.044129925911E-6
1055.50	2.9227599043224E-6
1056.00	2.8012400434818E-6
1056.50	2.7695800781657E-6
1057.00	2.737910108408E-6
1057.50	2.6191501092399E-6
1058.00	2.5005499537656E-6
1058.50	2.437390094201E-6
1059.00	2.3741299628455E-6
1059.50	2.1929299691692E-6
1060.00	2.0118500287936E-6
1060.50	1.816580038394E-6
1061.00	1.6213599565162E-6
1061.50	1.8155900534111E-6
1062.00	2.0099998891965E-6
1062.50	1.958580014616E-6
1063.00	1.9071800352322E-6
1063.50	1.9344799966348E-6
1064.00	1.9617800717242E-6
1064.50	1.9906999568775E-6
1065.00	2.019600060521E-6
1065.50	2.1891501091886E-6
1066.00	2.3589000193169E-6
1066.50	2.5311101126135E-6
1067.00	2.7029900593334E-6
1067.50	2.8447700515244E-6
1068.00	2.9866400836909E-6
1068.50	3.3376900319126E-6
1069.00	3.6892799926136E-6
1069.50	3.9493497752119E-6
1070.00	4.209000053379E-6
1070.50	4.599460226018E-6
1071.00	4.9905002015294E-6
1071.50	5.1687798077182E-6
1072.00	5.3470198508876E-6
1072.50	5.4266101869871E-6
1073.00	5.5062000683392E-6
1073.50	5.4581901167694E-6
1074.00	5.4102201829664E-6
1074.50	5.5135101320047E-6
1075.00	5.6168901210185E-6
1075.50	5.4903098316572E-6
1076.00	5.363740001485E-6
1076.50	5.2032801249879E-6
1077.00	5.0429198381607E-6
1077.50	5.0968101277249E-6
1078.00	5.1508400247258E-6
1078.50	5.289180080581E-6
1079.00	5.4273300520435E-6
1079.50	5.7220299822802E-6
1080.00	6.0167899391672E-6
1080.50	6.3119100559561E-6
1081.00	6.6070801949536E-6
1081.50	7.2623902269697E-6
1082.00	7.9185301729012E-6
1082.50	8.7029402493499E-6
1083.00	9.4847400760045E-6
1083.50	1.0380499588791E-5
1084.00	1.1278400052106E-5
1084.50	1.1964099940087E-5
1085.00	1.2650300050154E-5
1085.50	1.3146200217307E-5
1086.00	1.3641800251207E-5
1086.50	1.3375200069277E-5
1087.00	1.3108900020598E-5
1087.50	1.2500299817475E-5
1088.00	1.1890199857589E-5
1088.50	1.1205300324946E-5
1089.00	1.0520900104893E-5
1089.50	9.6527201094432E-6
1090.00	8.7852504293551E-6
1090.50	8.1728603618103E-6
1091.00	7.5601901698974E-6
1091.50	7.2738598646538E-6
1092.00	6.98692019796E-6
1092.50	6.642279913649E-6
1093.00	6.2982198869577E-6
1093.50	6.2577400967712E-6
1094.00	6.2172498473956E-6
1094.50	6.2757599152974E-6
1095.00	6.3342799876409E-6
1095.50	6.2986200646264E-6
1096.00	6.2628801060782E-6
1096.50	6.4499699874432E-6
1097.00	6.6366401370033E-6
1097.50	6.9009802246001E-6
1098.00	7.165660008468E-6
1098.50	7.4842000685749E-6
1099.00	7.8028197094682E-6
1099.50	7.8935800047475E-6
1100.00	7.9844603533274E-6
1100.50	7.997669854376E-6
1101.00	8.0108602560358E-6
1101.50	7.9540295701008E-6
1102.00	7.8971997936605E-6
1102.50	7.6925598477828E-6
1103.00	7.4874701567751E-6
1103.50	7.1814602051745E-6
1104.00	6.8756298787775E-6
1104.50	6.4988798840204E-6
1105.00	6.1218797782203E-6
1105.50	5.7918000493373E-6
1106.00	5.4621000344923E-6
1106.50	5.3046601351525E-6
1107.00	5.1470101425366E-6
1107.50	4.8768301894597E-6
1108.00	4.6063901208981E-6
1108.50	4.477059974306E-6
1109.00	4.3478898987814E-6
1109.50	4.2419601413712E-6
1110.00	4.1359899114468E-6
1110.50	4.2586398194544E-6
1111.00	4.381090093375E-6
1111.50	4.248240202287E-6
1112.00	4.1150301512971E-6
1112.50	4.2267301978427E-6
1113.00	4.3384898162913E-6
1113.50	4.6094100980554E-6
1114.00	4.8800598051457E-6
1114.50	5.0422399908712E-6
1115.00	5.2044601943635E-6
1115.50	5.8185901252727E-6
1116.00	6.4328801272495E-6
1116.50	6.9579600676661E-6
1117.00	7.4827999014815E-6
1117.50	8.4583498392021E-6
1118.00	9.4360402727034E-6
1118.50	1.1004900443368E-5
1119.00	1.257070016436E-5
1119.50	1.5002499822003E-5
1120.00	1.7436599591747E-5
1120.50	2.1658399418811E-5
1121.00	2.5886600269587E-5
1121.50	3.4673601476243E-5
1122.00	4.3455198465381E-5
1122.50	6.489110091934E-5
1123.00	8.6302003182936E-5
1123.50	0.00017873500473797
1124.00	0.00027129900990985
1124.50	0.0010965199908242
1125.00	0.0019208600278944
1125.50	0.0036402600817382
1126.00	0.0053622601553798
1126.50	0.0066401897929609
1127.00	0.007920510135591
1127.50	0.007213159929961
1128.00	0.0065075899474323
1128.50	0.0048276800662279
1129.00	0.0031459999736398
1129.50	0.0019211700418964
1130.00	0.00069656199775636
1130.50	0.00051058101234958
1131.00	0.00032456699409522
1131.50	0.00028599001234397
1132.00	0.00024738800129853
1132.50	0.00023460999364033
1133.00	0.00022181100212038
1133.50	0.00022109100245871
1134.00	0.00022037200687919
1134.50	0.00022930100385565
1135.00	0.00023823100491427
1135.50	0.00025788700440899
1136.00	0.0002775710017886
1136.50	0.00031249198946171
1137.00	0.00034744699951261
1137.50	0.00040561400237493
1138.00	0.00046376799582504
1138.50	0.00056910299463198
1139.00	0.00067446200409904
1139.50	0.00087522302055731
1140.00	0.0010760800214484
1140.50	0.0014930099714547
1141.00	0.00190933002159
1141.50	0.0028910099063069
1142.00	0.0038725798949599
1142.50	0.0063812099397182
1143.00	0.0088963499292731
1143.50	0.015892399474978
1144.00	0.022889399901032
1144.50	0.036944199353456
1145.00	0.050971399992704
1145.50	0.054173499345779
1146.00	0.057375598698854
1146.50	0.04882549867034
1147.00	0.040256600826979
1147.50	0.033260401338339
1148.00	0.026265500113368
1148.50	0.022598300129175
1149.00	0.018932800740004
1149.50	0.017937399446964
1150.00	0.016941199079156
1150.50	0.017521999776363
1151.00	0.018103500828147
1151.50	0.020021300762892
1152.00	0.021937899291515
1152.50	0.026091100648046
1153.00	0.030239600688219
1153.50	0.037776000797749
1154.00	0.04531029984355
1154.50	0.059191700071096
1155.00	0.073089502751827
1155.50	0.094732902944088
1156.00	0.11641699820757
1156.50	0.13172799348831
1157.00	0.1470469981432
1157.50	0.14274999499321
1158.00	0.13845600187778
1158.50	0.12515200674534
1159.00	0.11186899989843
1159.50	0.10197100043297
1160.00	0.092078201472759
1160.50	0.087750397622585
1161.00	0.083416096866131
1161.50	0.084021203219891
1162.00	0.084626398980618
1162.50	0.090572200715542
1163.00	0.096518397331238
1163.50	0.11065399646759
1164.00	0.1247899979353
1164.50	0.1535159945488
1165.00	0.18222199380398
1165.50	0.24073800444603
1166.00	0.29936900734901
1166.50	0.37689098715782
1167.00	0.454441010952
1167.50	0.46274501085281
1168.00	0.47104400396347
1168.50	0.39537298679352
1169.00	0.31983000040054
1169.50	0.26060000061989
1170.00	0.20135399699211
1170.50	0.16936400532722
1171.00	0.13737200200558
1171.50	0.12052799761295
1172.00	0.10366900265217
1172.50	0.095747701823711
1173.00	0.087823003530502
1173.50	0.084616996347904
1174.00	0.081407897174358
1174.50	0.0816885009408
1175.00	0.081968799233437
1175.50	0.085699297487736
1176.00	0.089428402483463
1176.50	0.097683697938919
1177.00	0.10593499988317
1177.50	0.12106800079346
1178.00	0.1361919939518
1178.50	0.16326299309731
1179.00	0.19034700095654
1179.50	0.23907299339771
1180.00	0.28779101371765
1180.50	0.3648079931736
1181.00	0.44186699390411
1181.50	0.51746797561646
1182.00	0.59312999248505
1182.50	0.59339302778244
1183.00	0.59365600347519
1183.50	0.53023600578308
1184.00	0.46683698892593
1184.50	0.40601500868797
1185.00	0.34517601132393
1185.50	0.3079029917717
1186.00	0.27058199048042
1186.50	0.25057399272919
1187.00	0.23055399954319
1187.50	0.22175499796867
1188.00	0.21295900642872
1188.50	0.21346299350262
1189.00	0.21396699547768
1189.50	0.22320899367332
1190.00	0.23244699835777
1190.50	0.25351598858833
1191.00	0.27458301186562
1191.50	0.30959698557854
1192.00	0.3445680141449
1192.50	0.39910200238228
1193.00	0.45363599061966
1193.50	0.5235790014267
1194.00	0.59350299835205
1194.50	0.63361501693726
1195.00	0.67374902963638
1195.50	0.64680200815201
1196.00	0.61982202529907
1196.50	0.55012500286102
1197.00	0.48041298985481
1197.50	0.41870900988579
1198.00	0.35694700479507
1198.50	0.31375199556351
1199.00	0.27057200670242
1199.50	0.2435760051012
1200.00	0.21661600470543
1200.50	9.5000001465451E-7
