300.50	9.5000001465451E-7
301.00	9.5000001465451E-7
301.50	9.5000001465451E-7
302.00	9.5000001465451E-7
302.50	9.5000001465451E-7
303.00	9.5000001465451E-7
303.50	9.5000001465451E-7
304.00	9.5000001465451E-7
304.50	9.5000001465451E-7
305.00	9.5000001465451E-7
305.50	9.5000001465451E-7
306.00	9.5000001465451E-7
306.50	9.5000001465451E-7
307.00	9.5000001465451E-7
307.50	9.5000001465451E-7
308.00	9.5000001465451E-7
308.50	9.5000001465451E-7
309.00	9.5000001465451E-7
309.50	9.5000001465451E-7
310.00	9.5000001465451E-7
310.50	9.5000001465451E-7
311.00	9.5000001465451E-7
311.50	9.5000001465451E-7
312.00	9.5000001465451E-7
312.50	9.5000001465451E-7
313.00	9.5000001465451E-7
313.50	9.5000001465451E-7
314.00	9.5000001465451E-7
314.50	9.5000001465451E-7
315.00	9.5000001465451E-7
315.50	9.5000001465451E-7
316.00	9.5000001465451E-7
316.50	9.5000001465451E-7
317.00	9.5000001465451E-7
317.50	9.5000001465451E-7
318.00	9.5000001465451E-7
318.50	9.5000001465451E-7
319.00	9.5000001465451E-7
319.50	9.5000001465451E-7
320.00	9.5000001465451E-7
320.50	9.5000001465451E-7
321.00	9.5000001465451E-7
321.50	9.5000001465451E-7
322.00	9.9464602953958E-7
322.50	9.5000001465451E-7
323.00	9.5000001465451E-7
323.50	1.0582000413706E-6
324.00	9.5000001465451E-7
324.50	9.5000001465451E-7
325.00	9.5000001465451E-7
325.50	1.2237300097695E-6
326.00	9.5000001465451E-7
326.50	9.5000001465451E-7
327.00	9.5000001465451E-7
327.50	9.5000001465451E-7
328.00	9.5000001465451E-7
328.50	9.5000001465451E-7
329.00	9.5000001465451E-7
329.50	9.5000001465451E-7
330.00	9.5000001465451E-7
330.50	9.5000001465451E-7
331.00	9.5000001465451E-7
331.50	9.5000001465451E-7
332.00	9.5000001465451E-7
332.50	9.5000001465451E-7
333.00	9.5000001465451E-7
333.50	9.5000001465451E-7
334.00	1.0974899851135E-6
334.50	9.5000001465451E-7
335.00	1.0741199503173E-6
335.50	9.5000001465451E-7
336.00	1.1205099781364E-6
336.50	9.5000001465451E-7
337.00	1.2721000075544E-6
337.50	9.5000001465451E-7
338.00	1.0571800430625E-6
338.50	1.3192100141168E-6
339.00	9.5000001465451E-7
339.50	9.5000001465451E-7
340.00	9.5000001465451E-7
340.50	1.9464100660116E-6
341.00	9.5000001465451E-7
341.50	5.0376002036501E-6
342.00	5.1002398322453E-6
342.50	7.8198199844337E-6
343.00	1.6706899259589E-5
343.50	3.17271988024E-5
344.00	6.1634498706553E-5
344.50	0.00011337600153638
345.00	0.0002032530028373
345.50	0.00033515298855491
346.00	0.00047443900257349
346.50	0.00057789101265371
347.00	0.0005690089892596
347.50	0.00045921199489385
348.00	0.00031547198886983
348.50	0.00019066600361839
349.00	0.00012323800183367
349.50	9.7266602097079E-5
350.00	8.5469197074417E-5
350.50	6.6748201788869E-5
351.00	5.3157898946665E-5
351.50	4.8201298341155E-5
352.00	5.8898898714688E-5
352.50	7.0225003582891E-5
353.00	7.830309914425E-5
353.50	6.3825398683548E-5
354.00	4.53792999906E-5
354.50	2.6019299184554E-5
355.00	1.0373800250818E-5
355.50	4.0023701330938E-6
356.00	2.7461699119158E-6
356.50	9.5000001465451E-7
357.00	1.0836899946298E-6
357.50	9.7405097676528E-7
358.00	1.119540002037E-6
358.50	1.1469400078568E-6
359.00	1.7498599618193E-6
359.50	1.442529992346E-6
360.00	3.6753799577127E-6
360.50	8.6260797615978E-6
361.00	1.831950066844E-5
361.50	2.032530028373E-5
362.00	1.9035300283576E-5
362.50	3.8851998397149E-5
363.00	0.0001015469970298
363.50	0.00014833999739494
364.00	0.00011542999709491
364.50	0.00010182300320594
365.00	0.00016732000221964
365.50	0.00017816100444179
366.00	9.8259799415246E-5
366.50	1.6694599253242E-5
367.00	3.5136699807481E-6
367.50	1.7748500340531E-6
368.00	1.8982600522577E-6
368.50	1.7014999684761E-6
369.00	1.4829199699307E-6
369.50	4.9360901357431E-6
370.00	1.5064700164658E-5
370.50	1.8327600628254E-5
371.00	9.525399946142E-6
371.50	2.9845500648662E-6
372.00	2.6600100682117E-6
372.50	2.1334299162845E-6
373.00	2.9165898922656E-6
373.50	3.7711999993917E-6
374.00	5.2229897846701E-6
374.50	7.279350029421E-6
375.00	5.3073299568496E-6
375.50	3.3834699024737E-6
376.00	1.3351500456338E-6
376.50	9.5000001465451E-7
377.00	1.0879000456043E-6
377.50	9.5000001465451E-7
378.00	1.1890399491676E-6
378.50	9.5000001465451E-7
379.00	9.5000001465451E-7
379.50	1.0203000329057E-6
380.00	9.7868496595765E-7
380.50	1.1809499937954E-6
381.00	1.3140800092515E-6
381.50	2.7198300358577E-6
382.00	6.4097298491106E-6
382.50	6.0814700191258E-6
383.00	3.2409000141342E-6
383.50	1.2774299875673E-6
384.00	1.0903099791904E-6
384.50	9.5000001465451E-7
385.00	9.5000001465451E-7
385.50	1.266240019504E-6
386.00	9.5000001465451E-7
386.50	9.5000001465451E-7
387.00	1.0666500429579E-6
387.50	9.5000001465451E-7
388.00	9.7079100669362E-7
388.50	1.4947900126572E-6
389.00	1.6388499943787E-6
389.50	2.5607700990804E-6
390.00	8.352740223927E-6
390.50	7.4331197538413E-5
391.00	0.00022659100068267
391.50	0.00028789200587198
392.00	0.00017003099492285
392.50	8.3020597230643E-5
393.00	8.7405998783652E-5
393.50	0.00015028100460768
394.00	0.00033973800600506
394.50	0.00098348304163665
395.00	0.0038789599202573
395.50	0.022410299628973
396.00	0.14987100660801
396.50	0.44515401124954
397.00	0.69476801156998
397.50	0.78645098209381
398.00	0.84664797782898
398.50	0.91918301582336
399.00	0.95337998867035
399.50	0.96154302358627
400.00	0.9638170003891
400.50	0.96537601947784
401.00	0.96687400341034
401.50	0.9681059718132
402.00	0.96919298171997
402.50	0.97020500898361
403.00	0.97072100639343
403.50	0.97165697813034
404.00	0.97249400615692
404.50	0.97330498695374
405.00	0.97345000505447
405.50	0.97421598434448
406.00	0.97490900754929
406.50	0.97485601902008
407.00	0.97621601819992
407.50	0.97599101066589
408.00	0.97628998756409
408.50	0.9766029715538
409.00	0.97605097293854
409.50	0.97635000944138
410.00	0.97694897651672
410.50	0.97812497615814
411.00	0.97865700721741
411.50	0.97838401794434
412.00	0.97842901945114
412.50	0.97811698913574
413.00	0.97857201099396
413.50	0.97772699594498
414.00	0.97795498371124
414.50	0.97785001993179
415.00	0.97853201627731
415.50	0.97982901334763
416.00	0.98134100437164
416.50	0.98111897706985
417.00	0.9813420176506
417.50	0.98166000843048
418.00	0.98045700788498
418.50	0.97933900356293
419.00	0.97792100906372
419.50	0.97681099176407
420.00	0.97630399465561
420.50	0.97643500566483
421.00	0.97796899080276
421.50	0.97990798950195
422.00	0.98175001144409
422.50	0.98273700475693
423.00	0.9835370182991
423.50	0.98331499099731
424.00	0.98401099443436
424.50	0.98391199111938
425.00	0.98436999320984
425.50	0.98422700166702
426.00	0.98373901844025
426.50	0.98350197076797
427.00	0.98356902599335
427.50	0.98358100652695
428.00	0.98417097330093
428.50	0.98449397087097
429.00	0.98407799005508
429.50	0.98466902971268
430.00	0.98473900556564
430.50	0.98461198806763
431.00	0.98529899120331
431.50	0.98560297489166
432.00	0.98470199108124
432.50	0.9850800037384
433.00	0.98428601026535
433.50	0.98360300064087
434.00	0.98296397924423
434.50	0.98346400260925
435.00	0.98353797197342
435.50	0.98283499479294
436.00	0.98290002346039
436.50	0.98342502117157
437.00	0.98390400409698
437.50	0.98346298933029
438.00	0.98409998416901
438.50	0.9847360253334
439.00	0.98490899801254
439.50	0.98606199026108
440.00	0.98655897378922
440.50	0.98715198040009
441.00	0.98718100786209
441.50	0.98703598976135
442.00	0.987075984478
442.50	0.98692399263382
443.00	0.98720997571945
443.50	0.98725599050522
444.00	0.98729801177979
444.50	0.98712998628616
445.00	0.98716300725937
445.50	0.98732399940491
446.00	0.98716098070145
446.50	0.9870600104332
447.00	0.9872750043869
447.50	0.98767101764679
448.00	0.98732799291611
448.50	0.98751497268677
449.00	0.98768901824951
449.50	0.9879509806633
450.00	0.98801797628403
450.50	0.98852497339249
451.00	0.98882102966309
451.50	0.98829597234726
452.00	0.98881202936172
452.50	0.98943400382996
453.00	0.98859000205994
453.50	0.98909598588943
454.00	0.98852300643921
454.50	0.98888599872589
455.00	0.98808097839355
455.50	0.98736900091171
456.00	0.98711097240448
456.50	0.98694401979446
457.00	0.98705798387527
457.50	0.98747700452805
458.00	0.98853099346161
458.50	0.98852002620697
459.00	0.98911100625992
459.50	0.98863101005554
460.00	0.98834002017975
460.50	0.98774701356888
461.00	0.9870520234108
461.50	0.98699802160263
462.00	0.98687499761581
462.50	0.98710197210312
463.00	0.9867730140686
463.50	0.98689198493958
464.00	0.98656100034714
464.50	0.98627299070358
465.00	0.98606097698212
465.50	0.98555600643158
466.00	0.98638999462128
466.50	0.98591899871826
467.00	0.98632001876831
467.50	0.98657697439194
468.00	0.98723900318146
468.50	0.98811900615692
469.00	0.98844397068024
469.50	0.98906099796295
470.00	0.98914301395416
470.50	0.98886799812317
471.00	0.98841601610184
471.50	0.98800802230835
472.00	0.98703199625015
472.50	0.98655098676682
473.00	0.98645502328873
473.50	0.98606097698212
474.00	0.98564398288727
474.50	0.98632299900055
475.00	0.98643398284912
475.50	0.98704600334167
476.00	0.9875699877739
476.50	0.98774200677872
477.00	0.98889100551605
477.50	0.98937499523163
478.00	0.98971897363663
478.50	0.99002802371979
479.00	0.99011099338531
479.50	0.990473985672
480.00	0.99023902416229
480.50	0.99005800485611
481.00	0.98964601755142
481.50	0.98978102207184
482.00	0.99012899398804
482.50	0.99001097679138
483.00	0.99005800485611
483.50	0.9899640083313
484.00	0.99011701345444
484.50	0.99020397663116
485.00	0.989786028862
485.50	0.98980098962784
486.00	0.98956400156021
486.50	0.9899759888649
487.00	0.98925399780273
487.50	0.98927700519562
488.00	0.98911702632904
488.50	0.98909097909927
489.00	0.98927998542786
489.50	0.98961502313614
490.00	0.99035400152206
490.50	0.99047601222992
491.00	0.99020898342133
491.50	0.99018597602844
492.00	0.98997098207474
492.50	0.98969697952271
493.00	0.98873502016068
493.50	0.9886440038681
494.00	0.98797100782394
494.50	0.98829501867294
495.00	0.98861402273178
495.50	0.98850202560425
496.00	0.98851299285889
496.50	0.98892498016357
497.00	0.98844599723816
497.50	0.98897302150726
498.00	0.98873198032379
498.50	0.98892998695374
499.00	0.98955398797989
499.50	0.98996102809906
500.00	0.98993402719498
500.50	0.98875600099564
501.00	0.98760098218918
501.50	0.98521602153778
502.00	0.98292601108551
502.50	0.98098599910736
503.00	0.97885602712631
503.50	0.97751700878143
504.00	0.97803401947021
504.50	0.97857701778412
505.00	0.98025900125504
505.50	0.98217499256134
506.00	0.9843710064888
506.50	0.98623299598694
507.00	0.98799097537994
507.50	0.98926997184753
508.00	0.99000400304794
508.50	0.98998200893402
509.00	0.98976099491119
509.50	0.98891699314117
510.00	0.98807597160339
510.50	0.98720800876617
511.00	0.98639297485352
511.50	0.98550897836685
512.00	0.98488402366638
512.50	0.98543298244476
513.00	0.98542100191116
513.50	0.98627698421478
514.00	0.98692601919174
514.50	0.98734301328659
515.00	0.9877610206604
515.50	0.9883040189743
516.00	0.98841500282288
516.50	0.98865401744843
517.00	0.98877400159836
517.50	0.98906397819519
518.00	0.98948401212692
518.50	0.98955899477005
519.00	0.98920702934265
519.50	0.98817199468613
520.00	0.98666602373123
520.50	0.9841970205307
521.00	0.98198002576828
521.50	0.97993397712708
522.00	0.97833502292633
522.50	0.97737401723862
523.00	0.97729200124741
523.50	0.97802698612213
524.00	0.97972798347473
524.50	0.98164200782776
525.00	0.98333501815796
525.50	0.98459601402283
526.00	0.98597097396851
526.50	0.98629301786423
527.00	0.98704302310944
527.50	0.98749297857285
528.00	0.98782402276993
528.50	0.98748499155045
529.00	0.98752200603485
529.50	0.98700302839279
530.00	0.98660099506378
530.50	0.98553502559662
531.00	0.98429900407791
531.50	0.98422998189926
532.00	0.98383897542953
532.50	0.98417097330093
533.00	0.98501002788544
533.50	0.98546302318573
534.00	0.98554700613022
534.50	0.98571401834488
535.00	0.98552799224854
535.50	0.98565000295639
536.00	0.98603600263596
536.50	0.98655897378922
537.00	0.98721700906754
537.50	0.9870600104332
538.00	0.98640698194504
538.50	0.9850350022316
539.00	0.98157399892807
539.50	0.97781598567963
540.00	0.97452700138092
540.50	0.97233301401138
541.00	0.97093200683594
541.50	0.9719409942627
542.00	0.97423702478409
542.50	0.97707897424698
543.00	0.97954702377319
543.50	0.98105698823929
544.00	0.98198401927948
544.50	0.98221600055695
545.00	0.9818400144577
545.50	0.97899001836777
546.00	0.97307097911835
546.50	0.96490699052811
547.00	0.95864802598953
547.50	0.960588991642
548.00	0.96128702163696
548.50	0.91299897432327
549.00	0.74169099330902
549.50	0.48405998945236
550.00	0.25059399008751
550.50	0.11210300028324
551.00	0.050000198185444
551.50	0.023204399272799
552.00	0.011720799840987
552.50	0.0063543599098921
553.00	0.0035888100974262
553.50	0.0021575700957328
554.00	0.0013443300267681
554.50	0.00088849797612056
555.00	0.00061258400091901
555.50	0.00042772199958563
556.00	0.00031047500669956
556.50	0.0002369260037085
557.00	0.0001804930070648
557.50	0.00014601800648961
558.00	0.00012006299948553
558.50	9.8989301477559E-5
559.00	8.7489701400045E-5
559.50	7.8780802141409E-5
560.00	7.1482398197986E-5
560.50	6.6561799030751E-5
561.00	6.3890802266542E-5
561.50	6.3704101194162E-5
562.00	6.5725798776839E-5
562.50	6.6897599026561E-5
563.00	7.1749702328816E-5
563.50	7.6176300353836E-5
564.00	8.1789898104034E-5
564.50	8.6764797742944E-5
565.00	8.6878702859394E-5
565.50	8.9377601398155E-5
566.00	8.4876803157385E-5
566.50	7.9137200373225E-5
567.00	7.36263973522E-5
567.50	6.675100303255E-5
568.00	6.1029000789858E-5
568.50	5.7988898333861E-5
569.00	5.81042986596E-5
569.50	5.6586301070638E-5
570.00	5.7439199736109E-5
570.50	6.0064601711929E-5
571.00	6.0682999901474E-5
571.50	5.9293899539625E-5
572.00	5.2973700803705E-5
572.50	4.2649200622691E-5
573.00	3.2022999221226E-5
573.50	2.2631300453213E-5
574.00	1.6483500075992E-5
574.50	1.1886399988725E-5
575.00	8.896709914552E-6
575.50	6.5847998484969E-6
576.00	4.8384999900009E-6
576.50	4.0894501580624E-6
577.00	3.6688500131277E-6
577.50	2.9420200462482E-6
578.00	2.6090199298778E-6
578.50	2.5065999125218E-6
579.00	2.1320900032151E-6
579.50	2.1658199784724E-6
580.00	2.229089886896E-6
580.50	2.0420600321813E-6
581.00	2.4890200620575E-6
581.50	2.4590299290139E-6
582.00	2.1896000816923E-6
582.50	3.3577300655452E-6
583.00	4.2808001126105E-6
583.50	5.2269701882324E-6
584.00	7.119269866962E-6
584.50	1.1011899914593E-5
585.00	1.6955000319285E-5
585.50	2.717159986787E-5
586.00	4.1531500755809E-5
586.50	5.6134998885682E-5
587.00	5.633680120809E-5
587.50	4.647699825E-5
588.00	3.5933000617661E-5
588.50	2.5887300580507E-5
589.00	2.1848300093552E-5
589.50	1.9377799617359E-5
590.00	1.8666800315259E-5
590.50	1.98261004698E-5
591.00	2.2369700673153E-5
591.50	2.7209500331082E-5
592.00	3.3661101042526E-5
592.50	3.587460014387E-5
593.00	3.4035998396575E-5
593.50	2.5229099264834E-5
594.00	1.6688600226189E-5
594.50	1.0029400073108E-5
595.00	6.879949978611E-6
595.50	4.6673899305461E-6
596.00	3.1603799470759E-6
596.50	2.3481700281991E-6
597.00	1.8769800362861E-6
597.50	1.4456600183621E-6
598.00	1.1601999858613E-6
598.50	1.1716399512807E-6
599.00	1.2572299965541E-6
599.50	9.5000001465451E-7
600.00	1.0708299669204E-6
600.50	9.5000001465451E-7
601.00	9.691559625935E-7
601.50	1.244359964403E-6
602.00	1.4770499774386E-6
602.50	1.4289299770098E-6
603.00	1.5916399433991E-6
603.50	1.9684100607265E-6
604.00	2.1435901089717E-6
604.50	2.7608200525719E-6
605.00	3.4670299555728E-6
605.50	4.7261501094908E-6
606.00	6.3963098000386E-6
606.50	9.8549498943612E-6
607.00	1.4706300135003E-5
607.50	2.2256599550019E-5
608.00	3.3131800591946E-5
608.50	4.3477801227709E-5
609.00	5.1027698646067E-5
609.50	5.04298004671E-5
610.00	4.7277400881285E-5
610.50	4.2927400500048E-5
611.00	3.9408998418367E-5
611.50	4.0495400753571E-5
612.00	4.3781801650766E-5
612.50	4.8915600928012E-5
613.00	5.6243599829031E-5
613.50	6.7189102992415E-5
614.00	7.7465898357332E-5
614.50	8.027270087041E-5
615.00	7.3446797614451E-5
615.50	5.9881898778258E-5
616.00	4.6357599785551E-5
616.50	3.36917983077E-5
617.00	2.5449100576225E-5
617.50	2.0302699340391E-5
618.00	1.6461699487991E-5
618.50	1.5062500096974E-5
619.00	1.3374599802773E-5
619.50	1.1965000339842E-5
620.00	1.1444300071162E-5
620.50	1.1433699910413E-5
621.00	1.1953599823755E-5
621.50	1.2707600035355E-5
622.00	1.4401500266104E-5
622.50	1.5591200281051E-5
623.00	1.8934499166789E-5
623.50	2.2379799702321E-5
624.00	2.7567000870476E-5
624.50	3.5832501453115E-5
625.00	4.258400076651E-5
625.50	5.4686199291609E-5
626.00	6.2788400100544E-5
626.50	7.0265501562972E-5
627.00	6.8810899392702E-5
627.50	6.6606902692001E-5
628.00	6.0635898989858E-5
628.50	5.4327301768353E-5
629.00	4.9021200538846E-5
629.50	4.3599200580502E-5
630.00	4.0128699765773E-5
630.50	3.8673599192407E-5
631.00	3.6310400901129E-5
631.50	3.6725501558976E-5
632.00	3.7051100662211E-5
632.50	3.7963098293403E-5
633.00	3.9698599721305E-5
633.50	4.1009898268385E-5
634.00	4.313160025049E-5
634.50	4.5527100155596E-5
635.00	4.632000127458E-5
635.50	4.9004298489308E-5
636.00	5.0152000767412E-5
636.50	5.2457999117905E-5
637.00	5.3117601055419E-5
637.50	5.7098499382846E-5
638.00	5.6742701417534E-5
638.50	5.9663499996532E-5
639.00	6.103579653427E-5
639.50	6.3724903156981E-5
640.00	6.5068998083007E-5
640.50	6.4915700932033E-5
641.00	6.6850901930593E-5
641.50	6.5329499193467E-5
642.00	6.3185099861585E-5
642.50	5.858630174771E-5
643.00	5.5632201110711E-5
643.50	5.2257299103076E-5
644.00	4.9553698772797E-5
644.50	4.6127101086313E-5
645.00	4.1848801629385E-5
645.50	4.0498700400349E-5
646.00	3.8641799619654E-5
646.50	3.7400299333967E-5
647.00	3.7570498534478E-5
647.50	3.849069980788E-5
648.00	3.9163900510175E-5
648.50	4.0010600059759E-5
649.00	4.1367100493517E-5
649.50	4.3358901166357E-5
650.00	4.5398399379337E-5
650.50	4.8590900405543E-5
651.00	5.0515500333859E-5
651.50	5.3781499445904E-5
652.00	5.6646400480531E-5
652.50	5.8416699175723E-5
653.00	5.9920301282546E-5
653.50	6.0751299315598E-5
654.00	6.0941598349018E-5
654.50	6.0798600316048E-5
655.00	5.9940099163214E-5
655.50	5.948329999228E-5
656.00	6.0541100538103E-5
656.50	5.8826099120779E-5
657.00	5.9263100411044E-5
657.50	5.8951998653356E-5
658.00	5.956500172033E-5
658.50	5.8730798627948E-5
659.00	6.0523401771206E-5
659.50	5.8564299251884E-5
660.00	5.7830398873193E-5
660.50	5.5921900639078E-5
661.00	5.486069858307E-5
661.50	5.2274499466876E-5
662.00	5.0848499085987E-5
662.50	4.8002199037001E-5
663.00	4.822979826713E-5
663.50	4.5324599341257E-5
664.00	4.4882399379276E-5
664.50	4.4462500227382E-5
665.00	4.6508699597325E-5
665.50	4.8163899919018E-5
666.00	4.990910019842E-5
666.50	5.4715001169825E-5
667.00	5.8257599448552E-5
667.50	6.189729901962E-5
668.00	6.6062901169062E-5
668.50	6.9845198595431E-5
669.00	6.9341200287454E-5
669.50	6.7036402469967E-5
670.00	6.0920301621081E-5
670.50	5.3720101277577E-5
671.00	4.4614098442253E-5
671.50	3.6890298360959E-5
672.00	3.0981998861535E-5
672.50	2.5650400857558E-5
673.00	2.1361800463637E-5
673.50	1.8390499462839E-5
674.00	1.63276999956E-5
674.50	1.4626500160375E-5
675.00	1.3279800441524E-5
675.50	1.2110999705328E-5
676.00	1.1945799997193E-5
676.50	1.0567499884928E-5
677.00	1.0570400263532E-5
677.50	1.0572899554973E-5
678.00	1.0574600310065E-5
678.50	1.0882299648074E-5
679.00	1.073549992725E-5
679.50	1.1735600310203E-5
680.00	1.245889961865E-5
680.50	1.3607499568025E-5
681.00	1.5088799955265E-5
681.50	1.7551299606566E-5
682.00	2.0282899640733E-5
682.50	2.3451799279428E-5
683.00	2.6929099476547E-5
683.50	3.280589953647E-5
684.00	3.8051301089581E-5
684.50	4.6311801270349E-5
685.00	5.1926999731222E-5
685.50	5.893030174775E-5
686.00	6.4831700001378E-5
686.50	6.6180400608573E-5
687.00	6.5668697061483E-5
687.50	6.5351698140148E-5
688.00	6.283370021265E-5
688.50	6.0099100664956E-5
689.00	5.7880901294993E-5
689.50	5.5789401812945E-5
690.00	5.3712701628683E-5
690.50	5.1850198360626E-5
691.00	5.2576699090423E-5
691.50	5.2714298362844E-5
692.00	5.437259824248E-5
692.50	5.6724700698396E-5
693.00	5.9463800425874E-5
693.50	6.0975100495853E-5
694.00	6.6147396864835E-5
694.50	6.9050598540343E-5
695.00	7.1944399678614E-5
695.50	7.4693998612929E-5
696.00	7.5588199251797E-5
696.50	7.4446099461056E-5
697.00	7.2034003096633E-5
697.50	7.0990397944115E-5
698.00	6.9251000240911E-5
698.50	6.4728097640909E-5
699.00	6.3043800764717E-5
699.50	5.9645801229635E-5
700.00	5.6832599511836E-5
700.50	5.4585401812801E-5
701.00	5.4569798521698E-5
701.50	5.2817900723312E-5
702.00	5.2893301472068E-5
702.50	5.4261301556835E-5
703.00	5.4411601013271E-5
703.50	5.3972598834662E-5
704.00	5.6288299674634E-5
704.50	5.6279699492734E-5
705.00	5.9918300394202E-5
705.50	6.2652303313371E-5
706.00	6.3729799876455E-5
706.50	6.6270898969378E-5
707.00	6.8385299528018E-5
707.50	7.2856601036619E-5
708.00	7.1038397436496E-5
708.50	7.4007701186929E-5
709.00	7.4359901191201E-5
709.50	7.7065502409823E-5
710.00	7.3256996984128E-5
710.50	7.3602299380582E-5
711.00	7.1050199039746E-5
711.50	7.1421396569349E-5
712.00	6.8414003180806E-5
712.50	6.7844099248759E-5
713.00	6.5777399868239E-5
713.50	6.4683401433285E-5
714.00	6.1392798670568E-5
714.50	5.9504400269361E-5
715.00	5.8811798226088E-5
715.50	5.5771699408069E-5
716.00	5.697830056306E-5
716.50	5.5212098232005E-5
717.00	5.3317300626077E-5
717.50	5.2721199608641E-5
718.00	5.0868999096565E-5
718.50	5.3133600886213E-5
719.00	5.0474700401537E-5
719.50	5.2198298362782E-5
720.00	5.3969099099049E-5
720.50	5.4204399930313E-5
721.00	5.4350399295799E-5
721.50	5.5289699957939E-5
722.00	5.8375098888064E-5
722.50	6.1802798882127E-5
723.00	6.3881299865898E-5
723.50	6.6214997787029E-5
724.00	6.6879401856568E-5
724.50	7.2017202910502E-5
725.00	7.0242698711809E-5
725.50	7.224090222735E-5
726.00	7.2483097028453E-5
726.50	7.0939102442935E-5
727.00	6.884390313644E-5
727.50	6.6296597651672E-5
728.00	6.2017701566219E-5
728.50	5.8921301388182E-5
729.00	5.5063701438485E-5
729.50	5.2482399041764E-5
730.00	4.8792899178807E-5
730.50	4.6587698307121E-5
731.00	4.486719990382E-5
731.50	4.248440018273E-5
732.00	4.1615501686465E-5
732.50	3.9753998862579E-5
733.00	3.9938200643519E-5
733.50	3.9018501411192E-5
734.00	3.7679801607737E-5
734.50	3.8626600144198E-5
735.00	4.1702598537086E-5
735.50	4.2213599954266E-5
736.00	4.1237901314162E-5
736.50	4.5037500967737E-5
737.00	4.6526900405297E-5
737.50	4.8112600779859E-5
738.00	5.4360101785278E-5
738.50	5.6946701079141E-5
739.00	5.787099871668E-5
739.50	6.0623598983511E-5
740.00	6.4508298237342E-5
740.50	6.6599903220776E-5
741.00	6.7032597144134E-5
741.50	6.7116001446266E-5
742.00	6.7476197727956E-5
742.50	6.880630098749E-5
743.00	6.611029675696E-5
743.50	6.4884297898971E-5
744.00	6.3219500589184E-5
744.50	6.3792002038099E-5
745.00	6.1494298279285E-5
745.50	6.1250299040694E-5
746.00	6.2351296946872E-5
746.50	6.1077800637577E-5
747.00	5.7282399211545E-5
747.50	6.0039099480491E-5
748.00	5.8807599998545E-5
748.50	5.899410098209E-5
749.00	5.6807399232639E-5
749.50	5.7967601605924E-5
750.00	6.0520698752953E-5
750.50	6.0490299802041E-5
751.00	6.3466002757195E-5
751.50	6.2448401877191E-5
752.00	6.0824801039416E-5
752.50	6.1498896684498E-5
753.00	5.9363701438997E-5
753.50	5.836840136908E-5
754.00	5.707469972549E-5
754.50	5.6101598602254E-5
755.00	5.5489799706265E-5
755.50	5.3591400501318E-5
756.00	5.4390900913859E-5
756.50	5.4615800763713E-5
757.00	5.1953098591184E-5
757.50	5.0832899432862E-5
758.00	5.1973798690597E-5
758.50	5.4657401051372E-5
759.00	5.6657401728444E-5
759.50	6.0313199355733E-5
760.00	5.779429920949E-5
760.50	6.229970313143E-5
761.00	6.182990182424E-5
761.50	6.5338099375367E-5
762.00	6.3159503042698E-5
762.50	6.5535699832253E-5
763.00	6.3912200857885E-5
763.50	5.841609890922E-5
764.00	5.7438999647275E-5
764.50	5.4633601394016E-5
765.00	4.7250301577151E-5
765.50	4.4440799683798E-5
766.00	3.5033801395912E-5
766.50	3.5234101233073E-5
767.00	3.1198898795992E-5
767.50	2.6912899556919E-5
768.00	2.4340099116671E-5
768.50	2.1866400857107E-5
769.00	2.1142999685253E-5
769.50	1.9497700122884E-5
770.00	1.6990799849737E-5
770.50	1.662800059421E-5
771.00	1.3947899788036E-5
771.50	1.5424400771735E-5
772.00	1.4514699614665E-5
772.50	1.4565200217476E-5
773.00	1.4686699614685E-5
773.50	1.4464400010183E-5
774.00	1.3152500287106E-5
774.50	1.3320600373845E-5
775.00	1.5066900232341E-5
775.50	1.4734800060978E-5
776.00	1.4960700355005E-5
776.50	1.4433099750022E-5
777.00	1.6868300008355E-5
777.50	1.6691899872967E-5
778.00	1.7754900909495E-5
778.50	1.7949900211534E-5
779.00	1.7212800230482E-5
779.50	1.8651999198482E-5
780.00	1.7962700439966E-5
780.50	1.6934800441959E-5
781.00	1.6290799976559E-5
781.50	1.3428900274448E-5
782.00	1.5460300346604E-5
782.50	1.3865799701307E-5
783.00	1.2548100130516E-5
783.50	1.2886600416095E-5
784.00	1.1855699995067E-5
784.50	1.002039971354E-5
785.00	1.0259999726259E-5
785.50	1.0566999662842E-5
786.00	9.6666399258538E-6
786.50	8.2174501585541E-6
787.00	8.7256603364949E-6
787.50	9.3713497335557E-6
788.00	9.439249879506E-6
788.50	9.9901899375254E-6
789.00	1.0594099876471E-5
789.50	9.0844896476483E-6
790.00	1.0724499588832E-5
790.50	1.1707799785654E-5
791.00	1.1809200259449E-5
791.50	1.4850300431135E-5
792.00	1.3941699762654E-5
792.50	1.9261400666437E-5
793.00	2.0474499251577E-5
793.50	2.2682199414703E-5
794.00	2.6552399503998E-5
794.50	3.440100044827E-5
795.00	4.6212800953072E-5
795.50	5.6909600971267E-5
796.00	7.4262701673433E-5
796.50	8.1868798588403E-5
797.00	8.8272397988476E-5
797.50	8.1790502008516E-5
798.00	7.1969996497501E-5
798.50	5.8431298384676E-5
799.00	4.3408701458247E-5
799.50	3.465830013738E-5
800.00	3.0421899282373E-5
800.50	2.8915899747517E-5
801.00	2.740990021266E-5
801.50	2.5956900572055E-5
802.00	2.4504099201295E-5
802.50	2.3055499696056E-5
803.00	2.1607000235235E-5
803.50	2.0274299458833E-5
804.00	1.8941500457004E-5
804.50	1.7679500160739E-5
805.00	1.6417599908891E-5
805.50	1.5499199434998E-5
806.00	1.45807998706E-5
806.50	1.4326899872685E-5
807.00	1.4073199963605E-5
807.50	1.3993900211062E-5
808.00	1.3914599549025E-5
808.50	1.4844799807179E-5
809.00	1.5775000065332E-5
809.50	1.7063599443645E-5
810.00	1.8351600374444E-5
810.50	1.9607699869084E-5
811.00	2.0863999452558E-5
811.50	2.2116200852906E-5
812.00	2.3368300389848E-5
812.50	2.4589800887043E-5
813.00	2.5811099476414E-5
813.50	2.7087400667369E-5
814.00	2.8363700039336E-5
814.50	2.9380200430751E-5
815.00	3.0396800866583E-5
815.50	3.113159982604E-5
816.00	3.1866198696662E-5
816.50	3.2159201509785E-5
817.00	3.2452298910357E-5
817.50	3.2301901228493E-5
818.00	3.215149990865E-5
818.50	3.1556901376462E-5
819.00	3.0962401069701E-5
819.50	3.0273400625447E-5
820.00	2.9584400181193E-5
820.50	2.8538299375214E-5
821.00	2.7492200388224E-5
821.50	2.6614199668984E-5
822.00	2.5736300813151E-5
822.50	2.429639971524E-5
823.00	2.2856800569571E-5
823.50	2.1558200387517E-5
824.00	2.0259400116629E-5
824.50	1.9646400687634E-5
825.00	1.903339943965E-5
825.50	1.8552200344857E-5
826.00	1.8071099475492E-5
826.50	1.7906200810103E-5
827.00	1.7741400370141E-5
827.50	1.8217300748802E-5
828.00	1.8693199308473E-5
828.50	1.9507100660121E-5
829.00	2.0320900148363E-5
829.50	2.1281499357428E-5
830.00	2.2242100385483E-5
830.50	2.3956899894984E-5
831.00	2.5671799448901E-5
831.50	2.7310699806549E-5
832.00	2.8949300030945E-5
832.50	3.1491101253778E-5
833.00	3.4033200790873E-5
833.50	3.627600017353E-5
834.00	3.8518399378518E-5
834.50	4.1163300920743E-5
835.00	4.3808398913825E-5
835.50	4.6454199036816E-5
836.00	4.9099598982139E-5
836.50	5.2040799346287E-5
837.00	5.4982199799269E-5
837.50	5.7421799283475E-5
838.00	5.9861500631087E-5
838.50	6.1836399254389E-5
839.00	6.3811297877692E-5
839.50	6.5304302552249E-5
840.00	6.6797198087443E-5
840.50	6.7788700107485E-5
841.00	6.8780202127527E-5
841.50	6.8370201915968E-5
842.00	6.7960099841002E-5
842.50	6.7387496528681E-5
843.00	6.6814900492318E-5
843.50	6.534050044138E-5
844.00	6.386580207618E-5
844.50	6.157650204841E-5
845.00	5.9287500334904E-5
845.50	5.6467899412382E-5
846.00	5.3648000175599E-5
846.50	5.0688999181148E-5
847.00	4.7729998186696E-5
847.50	4.4768501538783E-5
848.00	4.1806699300651E-5
848.50	3.8319300074363E-5
849.00	3.4831700759241E-5
849.50	3.2155199733097E-5
850.00	2.9479400836863E-5
850.50	2.6940899260808E-5
851.00	2.4401899281656E-5
851.50	2.2217900550459E-5
852.00	2.0034500266775E-5
852.50	1.8112399629899E-5
853.00	1.618970054551E-5
853.50	1.5061200429045E-5
854.00	1.3932900401414E-5
854.50	1.3036299606028E-5
855.00	1.2139499631303E-5
855.50	1.1734699910448E-5
856.00	1.1329800145177E-5
856.50	1.0857799679798E-5
857.00	1.0385700079496E-5
857.50	1.0120200386154E-5
858.00	9.8546597655513E-6
858.50	9.658139788371E-6
859.00	9.4616198111908E-6
859.50	9.6614903668524E-6
860.00	9.861370017461E-6
860.50	1.0039600056189E-5
861.00	1.0217900126008E-5
861.50	1.0525600373512E-5
862.00	1.0833199667104E-5
862.50	1.1501900189614E-5
863.00	1.2170699847047E-5
863.50	1.3482799658959E-5
864.00	1.4795000424783E-5
864.50	1.6439300452475E-5
865.00	1.8083899703925E-5
865.50	2.0116100131418E-5
866.00	2.2148600692162E-5
866.50	2.4377199224546E-5
867.00	2.6605299353832E-5
867.50	2.8844999178546E-5
868.00	3.1085601222003E-5
868.50	3.3525600883877E-5
869.00	3.5965200368082E-5
869.50	3.7551999412244E-5
870.00	3.9138998545241E-5
870.50	4.0627201087773E-5
871.00	4.2115498217754E-5
871.50	4.2158699216088E-5
872.00	4.220199843985E-5
872.50	4.2029500036733E-5
873.00	4.1857099859044E-5
873.50	4.0302500565303E-5
874.00	3.8747901271563E-5
874.50	3.6955498217139E-5
875.00	3.5162098356523E-5
875.50	3.2857598853298E-5
876.00	3.0553401302313E-5
876.50	2.8580499929376E-5
877.00	2.6607300242176E-5
877.50	2.4464899979648E-5
878.00	2.2322399672703E-5
878.50	2.0803299776162E-5
879.00	1.9283999790787E-5
879.50	1.7954500435735E-5
880.00	1.6624699128442E-5
880.50	1.615889959794E-5
881.00	1.569300002302E-5
881.50	1.5351299225586E-5
882.00	1.5009500202723E-5
882.50	1.4524500329571E-5
883.00	1.4039699635759E-5
883.50	1.4298900168797E-5
884.00	1.4558099792339E-5
884.50	1.4517399904435E-5
885.00	1.447670001653E-5
885.50	1.5040100151964E-5
886.00	1.5603600331815E-5
886.50	1.6264899386442E-5
887.00	1.6926000171225E-5
887.50	1.792100010789E-5
888.00	1.8916300177807E-5
888.50	1.9828499716823E-5
889.00	2.0740799300256E-5
889.50	2.2514399461215E-5
890.00	2.4288099666592E-5
890.50	2.606889938761E-5
891.00	2.7849799153046E-5
891.50	3.0093500754447E-5
892.00	3.2337400625693E-5
892.50	3.4706601582002E-5
893.00	3.7076701119076E-5
893.50	3.9487000321969E-5
894.00	4.18970012106E-5
894.50	4.4599000830203E-5
895.00	4.7301200538641E-5
895.50	4.9515299906489E-5
896.00	5.1729399274336E-5
896.50	5.3339001169661E-5
897.00	5.4949101468083E-5
897.50	5.5689000873826E-5
898.00	5.642890027957E-5
898.50	5.6918001064332E-5
899.00	5.7407200074522E-5
899.50	5.7287699746666E-5
900.00	5.7168101193383E-5
900.50	5.6371398386545E-5
901.00	5.5574699217686E-5
901.50	5.4707401432097E-5
902.00	5.3840198233956E-5
902.50	5.3000501793576E-5
903.00	5.2160899940645E-5
903.50	5.1768398407148E-5
904.00	5.137590051163E-5
904.50	5.0998798542423E-5
905.00	5.0621798436623E-5
905.50	5.0898201152449E-5
906.00	5.1174600230297E-5
906.50	5.084370059194E-5
907.00	5.0512800953584E-5
907.50	5.0430699047865E-5
908.00	5.0348699005553E-5
908.50	5.0891900173156E-5
909.00	5.1434999477351E-5
909.50	5.1729501137743E-5
910.00	5.2023999160156E-5
910.50	5.2532301197061E-5
911.00	5.304050137056E-5
911.50	5.3603998821927E-5
912.00	5.4167499911273E-5
912.50	5.4154599638423E-5
913.00	5.4141699365573E-5
913.50	5.3969000873622E-5
914.00	5.3796298743691E-5
914.50	5.3986099374015E-5
915.00	5.4175998229766E-5
915.50	5.3813499107491E-5
916.00	5.3450901759788E-5
916.50	5.3194700740278E-5
917.00	5.2938401495339E-5
917.50	5.2701998356497E-5
918.00	5.2465500630205E-5
918.50	5.1921400881838E-5
919.00	5.1377199270064E-5
919.50	5.1494698709575E-5
920.00	5.1612099923659E-5
920.50	5.1570099458331E-5
921.00	5.1528098993003E-5
921.50	5.1264200010337E-5
922.00	5.1000301027671E-5
922.50	5.1123399316566E-5
923.00	5.1246599468868E-5
923.50	5.0842900236603E-5
924.00	5.0439201004338E-5
924.50	4.9909398512682E-5
925.00	4.9379501433577E-5
925.50	4.865730079473E-5
926.00	4.7935100155883E-5
926.50	4.7160301619442E-5
927.00	4.6385401219595E-5
927.50	4.4815900764661E-5
928.00	4.324629844632E-5
928.50	4.1657000110717E-5
929.00	4.0067800000543E-5
929.50	3.8600501284236E-5
930.00	3.7133198929951E-5
930.50	3.5576900700107E-5
931.00	3.4020500606857E-5
931.50	3.2702500902815E-5
932.00	3.1384199246531E-5
932.50	3.0009299734957E-5
933.00	2.8634400223382E-5
933.50	2.7395699362387E-5
934.00	2.6157000320381E-5
934.50	2.5064600777114E-5
935.00	2.3971899281605E-5
935.50	2.3181299184216E-5
936.00	2.2390600861399E-5
936.50	2.2207799702301E-5
937.00	2.2025100406609E-5
937.50	2.1707499399781E-5
938.00	2.1390000256361E-5
938.50	2.1313899196684E-5
939.00	2.123769991158E-5
939.50	2.1399200704764E-5
940.00	2.1560699678957E-5
940.50	2.1913499949733E-5
941.00	2.2266500309343E-5
941.50	2.2804799300502E-5
942.00	2.3342900021817E-5
942.50	2.4359700546484E-5
943.00	2.5376799385413E-5
943.50	2.689530083444E-5
944.00	2.8413500331226E-5
944.50	3.0485600291286E-5
945.00	3.2558098610025E-5
945.50	3.464219844318E-5
946.00	3.6725999962073E-5
946.50	3.902539901901E-5
947.00	4.1325001802761E-5
947.50	4.3879099393962E-5
948.00	4.6432800445473E-5
948.50	4.7121899115155E-5
949.00	4.7810899559408E-5
949.50	4.7396799345734E-5
950.00	4.6982800995465E-5
950.50	4.4754899136024E-5
951.00	4.2527099139988E-5
951.50	3.9580099837622E-5
952.00	3.6633300624089E-5
952.50	3.3200798498001E-5
953.00	2.9768099921057E-5
953.50	2.6895999326371E-5
954.00	2.4024100639508E-5
954.50	2.1421799829113E-5
955.00	1.8819400793291E-5
955.50	1.6927899196162E-5
956.00	1.5036699551274E-5
956.50	1.368650009681E-5
957.00	1.2336199688434E-5
957.50	1.1120599992864E-5
958.00	9.905230399454E-6
958.50	9.1788097051904E-6
959.00	8.4524699559552E-6
959.50	7.9616802395321E-6
960.00	7.47088006392E-6
960.50	7.4105200837948E-6
961.00	7.3501500992279E-6
961.50	7.0543601395912E-6
962.00	6.7586001932796E-6
962.50	6.5388098846597E-6
963.00	6.3190000219038E-6
963.50	5.8232499213773E-6
964.00	5.3275198297342E-6
964.50	5.4487800298375E-6
965.00	5.5700302254991E-6
965.50	5.7653401199786E-6
966.00	5.9606300055748E-6
966.50	5.7581301007303E-6
967.00	5.5556502047693E-6
967.50	5.4687097872375E-6
968.00	5.3817498155695E-6
968.50	5.3158701120992E-6
969.00	5.2499999583233E-6
969.50	5.388879799284E-6
970.00	5.5277901083173E-6
970.50	5.8638697737479E-6
971.00	6.1998898672755E-6
971.50	6.5930998971453E-6
972.00	6.9862899181317E-6
972.50	7.2020097832137E-6
973.00	7.4177301030431E-6
973.50	8.025839633774E-6
974.00	8.6338995970436E-6
974.50	9.0134599304292E-6
975.00	9.3929702416062E-6
975.50	9.9662402135436E-6
976.00	1.0539600225457E-5
976.50	1.0732699593063E-5
977.00	1.0925899914582E-5
977.50	1.1372600056347E-5
978.00	1.1819300198113E-5
978.50	1.2109599992982E-5
979.00	1.2399899787852E-5
979.50	1.2157899618614E-5
980.00	1.1916000403289E-5
980.50	1.1969699698966E-5
981.00	1.2023399904137E-5
981.50	1.1734899999283E-5
982.00	1.1446500138845E-5
982.50	1.0815900168382E-5
983.00	1.0185300197918E-5
983.50	1.0011899576057E-5
984.00	9.8386199169909E-6
984.50	9.1871997938142E-6
985.00	8.5357596617541E-6
985.50	8.0494801295572E-6
986.00	7.563090093754E-6
986.50	7.1398899308406E-6
987.00	6.7167002271162E-6
987.50	6.6850398070528E-6
988.00	6.6533798417368E-6
988.50	6.3116199271462E-6
989.00	5.9698700169974E-6
989.50	6.0850297813886E-6
990.00	6.2002000049688E-6
990.50	5.9346398302296E-6
991.00	5.6691201280046E-6
991.50	5.4920801630942E-6
992.00	5.3150101848587E-6
992.50	5.2228201639082E-6
993.00	5.1306401473994E-6
993.50	5.1959200391138E-6
994.00	5.26120993527E-6
994.50	5.3640701480617E-6
995.00	5.4669299061061E-6
995.50	5.8976302170777E-6
996.00	6.3282100200013E-6
996.50	6.2336898736248E-6
997.00	6.1391101553454E-6
997.50	6.7563400989457E-6
998.00	7.3732999226195E-6
998.50	7.8021002991591E-6
999.00	8.2309898061794E-6
999.50	9.0629600890679E-6
1000.00	9.8947903097724E-6
1000.50	1.1150599675602E-5
1001.00	1.2406499990902E-5
1001.50	1.4006200217409E-5
1002.00	1.5605699445587E-5
1002.50	1.808299930417E-5
1003.00	2.0560599296005E-5
1003.50	2.4185899746954E-5
1004.00	2.7810800020234E-5
1004.50	3.2704399927752E-5
1005.00	3.7599398638122E-5
1005.50	4.3476298742462E-5
1006.00	4.9351001507603E-5
1006.50	5.2528601372615E-5
1007.00	5.5707001592964E-5
1007.50	5.4339099733625E-5
1008.00	5.2971099648857E-5
1008.50	4.8460799007444E-5
1009.00	4.3951298721367E-5
1009.50	3.8510501326527E-5
1010.00	3.3069500204874E-5
1010.50	2.855919956346E-5
1011.00	2.404840051895E-5
1011.50	2.0791099814232E-5
1012.00	1.753360083967E-5
1012.50	1.5205900126603E-5
1013.00	1.287820032303E-5
1013.50	1.1573400115594E-5
1014.00	1.0268799996993E-5
1014.50	9.5957302619354E-6
1015.00	8.9226796262665E-6
1015.50	8.3788900155923E-6
1016.00	7.8351304182434E-6
1016.50	7.2678099058976E-6
1017.00	6.7004998527409E-6
1017.50	6.3712700466567E-6
1018.00	6.0419802139222E-6
1018.50	5.6303201745322E-6
1019.00	5.2187301662343E-6
1019.50	5.0950798140548E-6
1020.00	4.9714299166226E-6
1020.50	4.5740998757537E-6
1021.00	4.1766897993512E-6
1021.50	4.0959698708321E-6
1022.00	4.0152299334295E-6
1022.50	3.9098999877751E-6
1023.00	3.8046200643294E-6
1023.50	3.9058400034264E-6
1024.00	4.0070599425235E-6
1024.50	4.2562701310089E-6
1025.00	4.5055298869556E-6
1025.50	4.4437201722758E-6
1026.00	4.3819200072903E-6
1026.50	4.4630801312451E-6
1027.00	4.5442598093359E-6
1027.50	4.6585801101173E-6
1028.00	4.7728799472679E-6
1028.50	5.0509001994214E-6
1029.00	5.3289500101528E-6
1029.50	5.7681800171849E-6
1030.00	6.207450041984E-6
1030.50	6.4142100200115E-6
1031.00	6.6209299802722E-6
1031.50	7.3306500780745E-6
1032.00	8.040459761105E-6
1032.50	8.2921496868948E-6
1033.00	8.543829608243E-6
1033.50	9.3848302640254E-6
1034.00	1.0225900041405E-5
1034.50	1.1295600415906E-5
1035.00	1.2365299880912E-5
1035.50	1.392139984091E-5
1036.00	1.5477400665986E-5
1036.50	1.7884000044432E-5
1037.00	2.0291599867051E-5
1037.50	2.3415199393639E-5
1038.00	2.6538800739218E-5
1038.50	3.0316199627123E-5
1039.00	3.4092401620001E-5
1039.50	3.905659832526E-5
1040.00	4.4020398490829E-5
1040.50	4.8958001571009E-5
1041.00	5.3896001190878E-5
1041.50	5.8054098190041E-5
1042.00	6.2212799093686E-5
1042.50	6.3856197812129E-5
1043.00	6.5499596530572E-5
1043.50	6.3982799474616E-5
1044.00	6.2466198869515E-5
1044.50	5.9603800764307E-5
1045.00	5.673999839928E-5
1045.50	5.294770016917E-5
1046.00	4.9155998567585E-5
1046.50	4.5212600525701E-5
1047.00	4.1269300709246E-5
1047.50	3.8498601497849E-5
1048.00	3.5727298381971E-5
1048.50	3.3514799724799E-5
1049.00	3.1302599381888E-5
1049.50	2.9438100682455E-5
1050.00	2.7573900297284E-5
1050.50	2.6704499759944E-5
1051.00	2.5835099222604E-5
1051.50	2.4942399249994E-5
1052.00	2.4049599232967E-5
1052.50	2.3672400857322E-5
1053.00	2.3295200662687E-5
1053.50	2.3099299141904E-5
1054.00	2.2903399440111E-5
1054.50	2.2849000743008E-5
1055.00	2.2794700271334E-5
1055.50	2.2950800484978E-5
1056.00	2.3106900698622E-5
1056.50	2.3379900085274E-5
1057.00	2.3652899471927E-5
1057.50	2.4359700546484E-5
1058.00	2.5066399757634E-5
1058.50	2.6321800760343E-5
1059.00	2.7577500077314E-5
1059.50	2.9039299988654E-5
1060.00	3.0502000299748E-5
1060.50	3.204110180377E-5
1061.00	3.357890091138E-5
1061.50	3.5730401577894E-5
1062.00	3.7881800381001E-5
1062.50	4.0771101339487E-5
1063.00	4.3660998926498E-5
1063.50	4.6642999222968E-5
1064.00	4.9625599785941E-5
1064.50	5.2651801524917E-5
1065.00	5.567810148932E-5
1065.50	5.8545600040816E-5
1066.00	6.1412698414642E-5
1066.50	6.3519502873532E-5
1067.00	6.5626598370727E-5
1067.50	6.6778702603187E-5
1068.00	6.7930901423097E-5
1068.50	6.7191300331615E-5
1069.00	6.6451597376727E-5
1069.50	6.4583196945023E-5
1070.00	6.2715400417801E-5
1070.50	6.0248399677221E-5
1071.00	5.7781700888881E-5
1071.50	5.4666699725203E-5
1072.00	5.1550501666497E-5
1072.50	4.8761201469461E-5
1073.00	4.5971999497851E-5
1073.50	4.3772099161288E-5
1074.00	4.1572100599296E-5
1074.50	3.9203798223753E-5
1075.00	3.6835601349594E-5
1075.50	3.527470107656E-5
1076.00	3.3713400625857E-5
1076.50	3.2495699997526E-5
1077.00	3.1278199458029E-5
1077.50	3.0195600629668E-5
1078.00	2.9113100026734E-5
1078.50	2.8526299502118E-5
1079.00	2.7939400752075E-5
1079.50	2.7305599360261E-5
1080.00	2.6671799787437E-5
1080.50	2.6921699827653E-5
1081.00	2.717159986787E-5
1081.50	2.6855199394049E-5
1082.00	2.6538800739218E-5
1082.50	2.6692299798015E-5
1083.00	2.6845700631384E-5
1083.50	2.7300500732963E-5
1084.00	2.7755100745708E-5
1084.50	2.8526499590953E-5
1085.00	2.9298100344022E-5
1085.50	3.0345900086104E-5
1086.00	3.1394098186865E-5
1086.50	3.2498501241207E-5
1087.00	3.3602798794163E-5
1087.50	3.5002998629352E-5
1088.00	3.6402798286872E-5
1088.50	3.825169915217E-5
1089.00	4.010089833173E-5
1089.50	4.2462001147214E-5
1090.00	4.4823798816651E-5
1090.50	4.7320798330475E-5
1091.00	4.9818201659946E-5
1091.50	5.2213901653886E-5
1092.00	5.4609401558992E-5
1092.50	5.7169101637555E-5
1093.00	5.972840153845E-5
1093.50	6.139199831523E-5
1094.00	6.3055296777748E-5
1094.50	6.3479601521976E-5
1095.00	6.3904102717061E-5
1095.50	6.3055696955416E-5
1096.00	6.2207800510805E-5
1096.50	5.9954400057904E-5
1097.00	5.7700901379576E-5
1097.50	5.4638101573801E-5
1098.00	5.1574399549281E-5
1098.50	4.827419979847E-5
1099.00	4.4976099161431E-5
1099.50	4.2096799006686E-5
1100.00	3.9217098674271E-5
1100.50	3.6426299629966E-5
1101.00	3.3636199077591E-5
1101.50	3.1269999453798E-5
1102.00	2.890180076065E-5
1102.50	2.6666599296732E-5
1103.00	2.4433000362478E-5
1103.50	2.3043399778544E-5
1104.00	2.1654099327861E-5
1104.50	2.0495099306572E-5
1105.00	1.9335899196449E-5
1105.50	1.8185299268225E-5
1106.00	1.7034899428836E-5
1106.50	1.6474599760841E-5
1107.00	1.5914200048428E-5
1107.50	1.4987400390964E-5
1108.00	1.4060799912841E-5
1108.50	1.3802699868393E-5
1109.00	1.3544499779528E-5
1109.50	1.3017400306126E-5
1110.00	1.2490299923229E-5
1110.50	1.234960018337E-5
1111.00	1.2208999578434E-5
1111.50	1.1895000170625E-5
1112.00	1.1580999853322E-5
1112.50	1.1403300050006E-5
1113.00	1.1225600246689E-5
1113.50	1.0851100341824E-5
1114.00	1.0476500392542E-5
1114.50	1.0558100257185E-5
1115.00	1.0639700121828E-5
1115.50	1.0610499884933E-5
1116.00	1.0581299648038E-5
1116.50	1.0698199730541E-5
1117.00	1.0815199857461E-5
1117.50	1.0756900337583E-5
1118.00	1.069859990821E-5
1118.50	1.1182700291101E-5
1119.00	1.1666599675664E-5
1119.50	1.1938300303882E-5
1120.00	1.2210100067023E-5
1120.50	1.2239200259501E-5
1121.00	1.2268300451979E-5
1121.50	1.2468700333557E-5
1122.00	1.2669100215135E-5
1122.50	1.3487099749909E-5
1123.00	1.4305500371847E-5
1123.50	1.496840013715E-5
1124.00	1.5631600035704E-5
1124.50	1.6440000763396E-5
1125.00	1.7249300071853E-5
1125.50	1.8189699403592E-5
1126.00	1.9128799976897E-5
1126.50	2.0505700376816E-5
1127.00	2.1882300643483E-5
1127.50	2.3153799702413E-5
1128.00	2.4425600713585E-5
1128.50	2.659210076672E-5
1129.00	2.8758200642187E-5
1129.50	3.1113599106902E-5
1130.00	3.3469401387265E-5
1130.50	3.625160024967E-5
1131.00	3.9033300708979E-5
1131.50	4.259909837856E-5
1132.00	4.6165700041456E-5
1132.50	5.0192098569823E-5
1133.00	5.4217598517425E-5
1133.50	5.8554698625812E-5
1134.00	6.2893101130612E-5
1134.50	6.747279985575E-5
1135.00	7.2051501774695E-5
1135.50	7.5459000072442E-5
1136.00	7.8866796684451E-5
1136.50	8.0349796917289E-5
1137.00	8.1832600699272E-5
1137.50	8.1605699961074E-5
1138.00	8.1378697359469E-5
1138.50	7.9267701948993E-5
1139.00	7.7158198109828E-5
1139.50	7.3913099186029E-5
1140.00	7.0665402745362E-5
1140.50	6.6589200287126E-5
1141.00	6.2512597651221E-5
1141.50	5.830710142618E-5
1142.00	5.410129961092E-5
1142.50	5.0741000450216E-5
1143.00	4.738079951494E-5
1143.50	4.4563399569597E-5
1144.00	4.1744999180082E-5
1144.50	3.9127400668804E-5
1145.00	3.6511100915959E-5
1145.50	3.4870299714385E-5
1146.00	3.3228701795451E-5
1146.50	3.1150600989349E-5
1147.00	2.9071999961161E-5
1147.50	2.7840100301546E-5
1148.00	2.6608800908434E-5
1148.50	2.5706800443004E-5
1149.00	2.4804799977574E-5
1149.50	2.4005799787119E-5
1150.00	2.3206799596664E-5
1150.50	2.2106900360086E-5
1151.00	2.1006899260101E-5
1151.50	2.0453999240999E-5
1152.00	1.9901199266315E-5
1152.50	1.9314300516271E-5
1153.00	1.8727499991655E-5
1153.50	1.8431599528412E-5
1154.00	1.8135500795324E-5
1154.50	1.7926899090526E-5
1155.00	1.7718299204716E-5
1155.50	1.7846299670055E-5
1156.00	1.7974200090976E-5
1156.50	1.7702199329506E-5
1157.00	1.7430200387025E-5
1157.50	1.7319500329904E-5
1158.00	1.72089003172E-5
1158.50	1.7247199139092E-5
1159.00	1.7285399735556E-5
1159.50	1.726769914967E-5
1160.00	1.7250000382774E-5
1160.50	1.7403199308319E-5
1161.00	1.7556400052854E-5
1161.50	1.7894399206853E-5
1162.00	1.8232600268675E-5
1162.50	1.8407899915474E-5
1163.00	1.8583299606689E-5
1163.50	1.9114300812362E-5
1164.00	1.964510011021E-5
1164.50	1.9800500012934E-5
1165.00	1.9956100004492E-5
1165.50	2.0464100089157E-5
1166.00	2.0972000129404E-5
1166.50	2.146060069208E-5
1167.00	2.194909939135E-5
1167.50	2.2587299099541E-5
1168.00	2.322560067114E-5
1168.50	2.3823400624678E-5
1169.00	2.4421300622635E-5
1169.50	2.5059800464078E-5
1170.00	2.5698100216687E-5
1170.50	2.6915999114863E-5
1171.00	2.8134800231783E-5
1171.50	2.917490019172E-5
1172.00	3.0214499929571E-5
1172.50	3.1553299777443E-5
1173.00	3.289190135547E-5
1173.50	3.4658398362808E-5
1174.00	3.6424298741622E-5
1174.50	3.8050799048506E-5
1175.00	3.9677801396465E-5
1175.50	4.1861101635732E-5
1176.00	4.4044500100426E-5
1176.50	4.6575300075347E-5
1177.00	4.9105699872598E-5
1177.50	5.2058301662328E-5
1178.00	5.5011099902913E-5
1178.50	5.8560701290844E-5
1179.00	6.2110702856444E-5
1179.50	6.5810600062832E-5
1180.00	6.9511399487965E-5
1180.50	7.4700597906485E-5
1181.00	7.9887802712619E-5
1181.50	8.5494903032668E-5
1182.00	9.1101697762497E-5
1182.50	9.8008800705429E-5
1183.00	0.0001049200000125
1183.50	0.00011279300088063
1184.00	0.00012066400086042
1184.50	0.00013101300282869
1185.00	0.00014135699893814
1185.50	0.00015328500012401
1186.00	0.00016521700308658
1186.50	0.00017959999968298
1187.00	0.00019398200674914
1187.50	0.00021147400548216
1188.00	0.00022896900190972
1188.50	0.00025067600654438
1189.00	0.00027238100301474
1189.50	0.00029776999144815
1190.00	0.00032314899726771
1190.50	0.00035475700860843
1191.00	0.00038637800025754
1191.50	0.00042485300218686
1192.00	0.00046334101352841
1192.50	0.00050910998834297
1193.00	0.00055486802011728
1193.50	0.00061086000641808
1194.00	0.00066682702163234
1194.50	0.00073530501686037
1195.00	0.00080380099825561
1195.50	0.00088180101010948
1196.00	0.00095981499180198
1196.50	0.001051040017046
1197.00	0.0011422600364313
1197.50	0.0012513200053945
1198.00	0.0013603799743578
1198.50	0.0014803899684921
1199.00	0.0016003800556064
1199.50	0.0017388600390404
1200.00	0.0018773199990392
1200.50	9.5000001465451E-7
