301.00	9.5000001465451E-7
302.00	9.5000001465451E-7
303.00	9.5982898073999E-7
304.00	9.5000001465451E-7
305.00	9.5000001465451E-7
306.00	9.5000001465451E-7
307.00	9.5000001465451E-7
308.00	9.5000001465451E-7
309.00	9.5000001465451E-7
310.00	9.5000001465451E-7
311.00	9.5000001465451E-7
312.00	9.5000001465451E-7
313.00	9.5000001465451E-7
314.00	9.5000001465451E-7
315.00	9.5000001465451E-7
316.00	9.5000001465451E-7
317.00	9.5000001465451E-7
318.00	9.5000001465451E-7
319.00	9.5000001465451E-7
320.00	9.5000001465451E-7
321.00	9.5000001465451E-7
322.00	9.5000001465451E-7
323.00	9.5000001465451E-7
324.00	9.5000001465451E-7
325.00	9.5000001465451E-7
326.00	9.5000001465451E-7
327.00	9.5000001465451E-7
328.00	9.5000001465451E-7
329.00	9.5000001465451E-7
330.00	9.5000001465451E-7
331.00	9.5000001465451E-7
332.00	9.5000001465451E-7
333.00	9.5000001465451E-7
334.00	9.5000001465451E-7
335.00	9.5000001465451E-7
336.00	9.5000001465451E-7
337.00	9.5000001465451E-7
338.00	9.5000001465451E-7
339.00	9.5000001465451E-7
340.00	9.5000001465451E-7
341.00	9.5000001465451E-7
342.00	9.5000001465451E-7
343.00	9.5000001465451E-7
344.00	9.5000001465451E-7
345.00	9.5000001465451E-7
346.00	9.5000001465451E-7
347.00	9.5000001465451E-7
348.00	5.3631401897292E-6
349.00	3.2463700335938E-5
350.00	7.4096002208535E-5
351.00	7.2234797698911E-5
352.00	4.6061599277891E-5
353.00	4.9981699703494E-5
354.00	5.4300398915075E-5
355.00	2.962500002468E-5
356.00	1.6834199414006E-5
357.00	2.1449199266499E-5
358.00	1.0259300324833E-5
359.00	9.8898499345523E-6
360.00	2.1662899598596E-5
361.00	1.5408899344038E-5
362.00	2.9159300538595E-6
363.00	2.9355398964981E-6
364.00	2.2350200197252E-6
365.00	2.1353500869736E-6
366.00	2.7198000225326E-6
367.00	4.415850071382E-6
368.00	6.1576702137245E-6
369.00	7.1873701017466E-6
370.00	3.0479200177069E-6
371.00	4.0107897802955E-6
372.00	5.7224701777159E-6
373.00	3.9465899135394E-6
374.00	7.1054600994103E-6
375.00	2.5892700250552E-6
376.00	9.5000001465451E-7
377.00	4.5032397792966E-6
378.00	8.5552501332131E-6
379.00	9.5000001465451E-7
380.00	9.5000001465451E-7
381.00	9.5000001465451E-7
382.00	1.0827800451807E-6
383.00	5.2697700994031E-6
384.00	2.3278400931304E-6
385.00	2.3758300358168E-6
386.00	1.7124000351032E-6
387.00	2.5187900973833E-6
388.00	1.7820600533014E-6
389.00	1.4521300499837E-6
390.00	2.0953100374754E-6
391.00	9.5000001465451E-7
392.00	9.5000001465451E-7
393.00	9.5000001465451E-7
394.00	1.8518600199968E-6
395.00	9.5000001465451E-7
396.00	9.5000001465451E-7
397.00	1.5678799627494E-6
398.00	3.4542099456303E-6
399.00	3.228140030842E-6
400.00	1.2500699995144E-6
401.00	9.5000001465451E-7
402.00	2.1010300770286E-6
403.00	4.879029802396E-6
404.00	3.3643200367806E-6
405.00	7.9943401942728E-6
406.00	9.5000001465451E-7
407.00	9.5000001465451E-7
408.00	9.5000001465451E-7
409.00	3.9350998122245E-6
410.00	5.4944898693066E-6
411.00	1.2206600104037E-6
412.00	1.1162100008733E-6
413.00	1.3017800029047E-6
414.00	9.5000001465451E-7
415.00	9.3312301032711E-6
416.00	1.0452799870109E-5
417.00	9.5000001465451E-7
418.00	9.5000001465451E-7
419.00	9.5000001465451E-7
420.00	2.5879201075441E-6
421.00	3.64301990885E-6
422.00	9.5000001465451E-7
423.00	1.9295900983707E-6
424.00	9.5000001465451E-7
425.00	9.5000001465451E-7
426.00	2.2703400190949E-6
427.00	4.3266400098219E-6
428.00	1.2875199900009E-5
429.00	4.5739298002445E-6
430.00	5.3527001000475E-6
431.00	5.4144697969605E-6
432.00	3.511950126267E-5
433.00	3.1162198865786E-6
434.00	9.5000001465451E-7
435.00	9.5000001465451E-7
436.00	9.5000001465451E-7
437.00	9.5000001465451E-7
438.00	9.5000001465451E-7
439.00	9.5000001465451E-7
440.00	9.5000001465451E-7
441.00	9.5000001465451E-7
442.00	9.5000001465451E-7
443.00	9.5000001465451E-7
444.00	9.5000001465451E-7
445.00	9.5000001465451E-7
446.00	9.5000001465451E-7
447.00	9.5000001465451E-7
448.00	9.5000001465451E-7
449.00	9.5000001465451E-7
450.00	9.5000001465451E-7
451.00	9.5000001465451E-7
452.00	9.5000001465451E-7
453.00	9.5000001465451E-7
454.00	9.5000001465451E-7
455.00	9.5000001465451E-7
456.00	9.5000001465451E-7
457.00	9.5000001465451E-7
458.00	1.4223200196284E-5
459.00	1.1538500075403E-5
460.00	9.5000001465451E-7
461.00	9.5000001465451E-7
462.00	9.5000001465451E-7
463.00	4.5747201511404E-6
464.00	9.3950102382223E-6
465.00	9.5000001465451E-7
466.00	9.5000001465451E-7
467.00	9.5000001465451E-7
468.00	1.0263499916618E-6
469.00	1.603239979886E-6
470.00	9.5000001465451E-7
471.00	9.5000001465451E-7
472.00	1.9938099740102E-6
473.00	5.5789998441469E-5
474.00	4.9917398428079E-6
475.00	9.5000001465451E-7
476.00	9.5000001465451E-7
477.00	9.5000001465451E-7
478.00	8.9785798991215E-6
479.00	4.7333901420643E-6
480.00	9.5000001465451E-7
481.00	8.8952801888809E-6
482.00	3.4790600693668E-6
483.00	9.5000001465451E-7
484.00	9.5000001465451E-7
485.00	9.5000001465451E-7
486.00	1.1037100193789E-5
487.00	1.3830300531481E-6
488.00	9.5000001465451E-7
489.00	9.5000001465451E-7
490.00	9.5000001465451E-7
491.00	9.5000001465451E-7
492.00	3.4384399896226E-6
493.00	9.5000001465451E-7
494.00	3.4010599847534E-6
495.00	9.5000001465451E-7
496.00	9.5000001465451E-7
497.00	9.5000001465451E-7
498.00	9.5000001465451E-7
499.00	9.5000001465451E-7
500.00	3.2181299047807E-6
501.00	7.2394800554321E-6
502.00	9.5000001465451E-7
503.00	9.5000001465451E-7
504.00	9.5000001465451E-7
505.00	2.2921399249753E-6
506.00	2.7250600851403E-6
507.00	1.498809979239E-6
508.00	2.7752901132772E-6
509.00	3.1577299068886E-6
510.00	3.4776001029968E-6
511.00	9.5000001465451E-7
512.00	5.6744001994957E-6
513.00	2.8122100047767E-5
514.00	9.5000001465451E-7
515.00	9.5000001465451E-7
516.00	9.5000001465451E-7
517.00	9.5000001465451E-7
518.00	9.5000001465451E-7
519.00	9.5000001465451E-7
520.00	9.5000001465451E-7
521.00	9.5000001465451E-7
522.00	9.5000001465451E-7
523.00	9.5000001465451E-7
524.00	9.5000001465451E-7
525.00	9.5000001465451E-7
526.00	1.4534799674948E-6
527.00	9.5000001465451E-7
528.00	1.6697000319255E-5
529.00	2.9553899366874E-5
530.00	9.5000001465451E-7
531.00	1.2621399946511E-5
532.00	1.0272599865857E-5
533.00	9.5000001465451E-7
534.00	9.5000001465451E-7
535.00	9.5000001465451E-7
536.00	9.5000001465451E-7
537.00	9.5000001465451E-7
538.00	1.7176799929075E-6
539.00	3.1094601581572E-5
540.00	3.8539001252502E-6
541.00	5.9128601606062E-6
542.00	9.5000001465451E-7
543.00	9.5000001465451E-7
544.00	9.5000001465451E-7
545.00	9.5000001465451E-7
546.00	4.7725798140164E-6
547.00	7.314779850276E-6
548.00	9.5000001465451E-7
549.00	9.5000001465451E-7
550.00	9.5000001465451E-7
551.00	9.5000001465451E-7
552.00	9.5000001465451E-7
553.00	9.5000001465451E-7
554.00	9.5000001465451E-7
555.00	1.4203900491339E-6
556.00	2.8112999643781E-6
557.00	9.5000001465451E-7
558.00	7.1111599027063E-6
559.00	3.8682599551976E-5
560.00	9.5000001465451E-7
561.00	9.5000001465451E-7
562.00	9.5000001465451E-7
563.00	9.5000001465451E-7
564.00	9.5000001465451E-7
565.00	9.5000001465451E-7
566.00	9.5000001465451E-7
567.00	1.2004399650323E-5
568.00	6.6203001551912E-6
569.00	9.5000001465451E-7
570.00	9.5000001465451E-7
571.00	3.4820900509658E-6
572.00	9.5000001465451E-7
573.00	9.5000001465451E-7
574.00	9.5000001465451E-7
575.00	9.5000001465451E-7
576.00	9.5000001465451E-7
577.00	9.5000001465451E-7
578.00	9.5000001465451E-7
579.00	9.5000001465451E-7
580.00	9.5000001465451E-7
581.00	9.5000001465451E-7
582.00	9.5000001465451E-7
583.00	9.5000001465451E-7
584.00	9.5000001465451E-7
585.00	9.5000001465451E-7
586.00	9.5000001465451E-7
587.00	9.5000001465451E-7
588.00	9.5000001465451E-7
589.00	9.5000001465451E-7
590.00	2.1623700376949E-6
591.00	9.5000001465451E-7
592.00	9.5000001465451E-7
593.00	9.5000001465451E-7
594.00	9.5000001465451E-7
595.00	9.5000001465451E-7
596.00	9.5000001465451E-7
597.00	9.5000001465451E-7
598.00	3.5780999496637E-6
599.00	7.0954401962808E-6
600.00	9.5000001465451E-7
601.00	9.5000001465451E-7
602.00	9.5000001465451E-7
603.00	9.5000001465451E-7
604.00	9.5000001465451E-7
605.00	9.5000001465451E-7
606.00	1.0313999609934E-6
607.00	1.1468699767647E-6
608.00	9.5000001465451E-7
609.00	9.5000001465451E-7
610.00	1.2101099855499E-6
611.00	2.1284699869284E-6
612.00	1.0209399761152E-6
613.00	9.5000001465451E-7
614.00	9.5000001465451E-7
615.00	9.5000001465451E-7
616.00	9.5000001465451E-7
617.00	9.5000001465451E-7
618.00	9.5000001465451E-7
619.00	9.5000001465451E-7
620.00	9.5000001465451E-7
621.00	9.5000001465451E-7
622.00	9.5000001465451E-7
623.00	1.5156799690885E-6
624.00	1.9301498923596E-6
625.00	1.1670499588945E-6
626.00	9.5000001465451E-7
627.00	9.5000001465451E-7
628.00	9.7996894510288E-7
629.00	9.5000001465451E-7
630.00	9.5296098834297E-7
631.00	1.9017199974769E-6
632.00	2.6391398932901E-6
633.00	3.7047200294182E-6
634.00	3.9870401451481E-6
635.00	3.0701401101396E-6
636.00	2.2912299755262E-6
637.00	2.3555599000247E-6
638.00	2.570639935584E-6
639.00	4.2647398004192E-6
640.00	5.4040201575845E-6
641.00	5.315199814504E-6
642.00	2.8493900572357E-6
643.00	2.2553499547939E-6
644.00	2.237509988845E-6
645.00	2.5671599814814E-6
646.00	2.992620011355E-6
647.00	3.0051201065362E-6
648.00	2.1942701096123E-6
649.00	1.7412800161765E-6
650.00	1.3896400332669E-6
651.00	1.0810499588843E-6
652.00	1.3885399994251E-6
653.00	2.4179898900911E-6
654.00	3.1985400710255E-6
655.00	5.775219960924E-6
656.00	7.4032100201293E-6
657.00	7.1378999564331E-6
658.00	5.3045100685267E-6
659.00	4.349699793238E-6
660.00	4.4744001570507E-6
661.00	4.0350601011596E-6
662.00	4.733709829452E-6
663.00	5.3044100241095E-6
664.00	6.6122402131441E-6
665.00	6.3763000071049E-6
666.00	6.7593800849863E-6
667.00	5.9374901866249E-6
668.00	4.2243700590916E-6
669.00	3.3965400234592E-6
670.00	2.6302300284442E-6
671.00	2.5156600713672E-6
672.00	2.8488300358731E-6
673.00	3.2781699701445E-6
674.00	4.6677300815645E-6
675.00	6.7901100919698E-6
676.00	8.3197901403764E-6
677.00	5.8515897762845E-6
678.00	3.5466400731821E-6
679.00	2.3367799713014E-6
680.00	1.7151600104626E-6
681.00	1.2325200486885E-6
682.00	1.1116900395791E-6
683.00	1.1314000403218E-6
684.00	1.3624500070364E-6
685.00	1.3466999462253E-6
686.00	1.774419956746E-6
687.00	2.5628501134634E-6
688.00	3.7040999814053E-6
689.00	6.1178798205219E-6
690.00	8.5107403720031E-6
691.00	1.6636800864944E-5
692.00	3.2510401069885E-5
693.00	7.0824396971148E-5
694.00	0.00016492400027346
695.00	0.00044292100938037
696.00	0.0013444300275296
697.00	0.004941170103848
698.00	0.022760899737477
699.00	0.13017299771309
700.00	0.52530002593994
701.00	0.91217702627182
702.00	0.97633200883865
703.00	0.98309999704361
704.00	0.97984999418259
705.00	0.97921097278595
706.00	0.98445600271225
707.00	0.98521602153778
708.00	0.98455798625946
709.00	0.98272097110748
710.00	0.98749899864197
711.00	0.98849600553513
712.00	0.98393398523331
713.00	0.98090398311615
714.00	0.98103499412537
715.00	0.98368400335312
716.00	0.98671001195908
717.00	0.98799800872803
718.00	0.986732006073
719.00	0.98467701673508
720.00	0.9849339723587
721.00	0.9828730225563
722.00	0.9876229763031
723.00	0.98565798997879
724.00	0.98670697212219
725.00	0.9899640083313
726.00	0.98729997873306
727.00	0.98734301328659
728.00	0.98415899276733
729.00	0.98418200016022
730.00	0.97896802425385
731.00	0.97844099998474
732.00	0.97782897949219
733.00	0.97865998744965
734.00	0.98116499185562
735.00	0.9846950173378
736.00	0.98630601167679
737.00	0.98408901691437
738.00	0.98425602912903
739.00	0.9821310043335
740.00	0.98408198356628
741.00	0.98961299657822
742.00	0.9875580072403
743.00	0.9885870218277
744.00	0.98950999975204
745.00	0.99074202775955
746.00	0.9855329990387
747.00	0.98882800340652
748.00	0.98650002479553
749.00	0.98577201366425
750.00	0.98793697357178
751.00	0.98788797855377
752.00	0.9900010228157
753.00	0.98719602823257
754.00	0.98830199241638
755.00	0.98668599128723
756.00	0.98788797855377
757.00	0.98719602823257
758.00	0.98697000741959
759.00	0.98803699016571
760.00	0.98654502630234
761.00	0.98724901676178
762.00	0.99042302370071
763.00	0.98842298984528
764.00	0.9901340007782
765.00	0.98795902729034
766.00	0.98486000299454
767.00	0.98911798000336
768.00	0.98440402746201
769.00	0.98511797189713
770.00	0.98731797933578
771.00	0.98525297641754
772.00	0.98852300643921
773.00	0.98753702640533
774.00	0.99102801084518
775.00	0.98431897163391
776.00	0.98548299074173
777.00	0.98618298768997
778.00	0.98607397079468
779.00	0.98492801189423
780.00	0.98192197084427
781.00	0.98934799432755
782.00	0.99005001783371
783.00	0.98763197660446
784.00	0.98826402425766
785.00	0.98272502422333
786.00	0.98573398590088
787.00	0.98799699544907
788.00	0.98736000061035
789.00	0.99015098810196
790.00	0.9826700091362
791.00	0.98962098360062
792.00	0.98790597915649
793.00	0.98666000366211
794.00	0.98348701000214
795.00	0.98236000537872
796.00	0.98719501495361
797.00	0.98569601774216
798.00	0.98251402378082
799.00	0.98894000053406
800.00	0.98377102613449
801.00	0.98312199115753
802.00	0.98501998186111
803.00	0.98407298326492
804.00	0.98464500904083
805.00	0.98597699403763
806.00	0.98898297548294
807.00	0.98359602689743
808.00	0.98119002580643
809.00	0.98453599214554
810.00	0.9818519949913
811.00	0.98990398645401
812.00	0.98203200101852
813.00	0.98632901906967
814.00	0.98764002323151
815.00	0.9836990237236
816.00	0.97950798273087
817.00	0.97398000955582
818.00	0.97720700502396
819.00	0.97849702835083
820.00	0.98136299848557
821.00	0.97664600610733
822.00	0.98202300071716
823.00	0.98472702503204
824.00	0.98362100124359
825.00	0.9762669801712
826.00	0.97920900583267
827.00	0.97851002216339
828.00	0.97979301214218
829.00	0.97591400146484
830.00	0.97925901412964
831.00	0.98312097787857
832.00	0.98494398593903
833.00	0.98601800203323
834.00	0.98302602767944
835.00	0.98690700531006
836.00	0.97739601135254
837.00	0.97522401809692
838.00	0.98518300056458
839.00	0.98027002811432
840.00	0.98482698202133
841.00	0.9903569817543
842.00	0.97667700052261
843.00	0.97684097290039
844.00	0.98433601856232
845.00	0.98636901378632
846.00	0.97669702768326
847.00	0.97329699993134
848.00	0.98470598459244
849.00	0.99566501379013
850.00	0.9874370098114
851.00	0.98327499628067
852.00	0.97525900602341
853.00	0.97904098033905
854.00	0.93783098459244
855.00	0.81986898183823
856.00	0.35739499330521
857.00	0.19434000551701
858.00	0.056487701833248
859.00	0.022009499371052
860.00	0.0086556896567345
861.00	0.0025641799438745
862.00	0.0012652300065383
863.00	0.00059523800155148
864.00	0.00031080000917427
865.00	0.00021138100419194
866.00	7.2996903327294E-5
867.00	7.0264002715703E-5
868.00	1.1391700354579E-5
869.00	4.99753987242E-5
870.00	3.4946700907312E-5
871.00	6.3905601564329E-5
872.00	9.5000001465451E-7
873.00	1.5494999388466E-5
874.00	9.5000001465451E-7
875.00	9.5000001465451E-7
876.00	9.5000001465451E-7
877.00	2.452720036672E-5
878.00	8.9633998868521E-5
879.00	9.5000001465451E-7
880.00	9.5000001465451E-7
881.00	9.5000001465451E-7
882.00	1.5192599676084E-6
883.00	9.5000001465451E-7
884.00	9.5000001465451E-7
885.00	9.5000001465451E-7
886.00	9.5000001465451E-7
887.00	9.5000001465451E-7
888.00	9.5000001465451E-7
889.00	1.0300899475624E-6
890.00	9.5000001465451E-7
891.00	9.5000001465451E-7
892.00	1.3871100463803E-6
893.00	1.2627100431928E-6
894.00	1.5404999658131E-6
895.00	1.9153098946845E-6
896.00	2.0646900793508E-6
897.00	2.9607599572046E-6
898.00	2.3267300548468E-6
899.00	2.20391007133E-6
900.00	2.1912001102464E-6
901.00	2.1895200461586E-6
902.00	1.4508799495161E-6
903.00	1.2823900306103E-6
904.00	1.2594299505508E-6
905.00	9.5000001465451E-7
906.00	9.5000001465451E-7
907.00	9.5000001465451E-7
908.00	9.6032897545228E-7
909.00	1.2215300557727E-6
910.00	1.4340399729917E-6
911.00	2.004210045925E-6
912.00	2.9213699690445E-6
913.00	4.5801398300682E-6
914.00	5.9559301917034E-6
915.00	6.918060080352E-6
916.00	6.7176301854488E-6
917.00	5.8122700465901E-6
918.00	4.0926797737484E-6
919.00	2.7424600830273E-6
920.00	2.0828499600611E-6
921.00	1.1551800298548E-6
922.00	1.2665999520323E-6
923.00	1.0240599976896E-6
924.00	1.2550699466374E-6
925.00	1.8532100511948E-6
926.00	1.4677200397273E-6
927.00	1.9700401026057E-6
928.00	2.1210898921709E-6
929.00	2.0758400296472E-6
930.00	1.8143699662687E-6
931.00	1.1622900046859E-6
932.00	9.8508394330565E-7
933.00	9.5000001465451E-7
934.00	9.5000001465451E-7
935.00	9.5000001465451E-7
936.00	1.2341899946477E-6
937.00	2.3694599349255E-6
938.00	2.2160400021676E-6
939.00	2.3932700514706E-6
940.00	9.5000001465451E-7
941.00	9.5000001465451E-7
942.00	9.5000001465451E-7
943.00	9.5000001465451E-7
944.00	9.5000001465451E-7
945.00	9.5000001465451E-7
946.00	9.5000001465451E-7
947.00	9.5000001465451E-7
948.00	9.5000001465451E-7
949.00	9.5000001465451E-7
950.00	9.5000001465451E-7
951.00	9.5000001465451E-7
952.00	9.5000001465451E-7
953.00	9.5000001465451E-7
954.00	9.5000001465451E-7
955.00	9.5000001465451E-7
956.00	9.5000001465451E-7
957.00	9.5000001465451E-7
958.00	9.5000001465451E-7
959.00	9.5000001465451E-7
960.00	9.5000001465451E-7
961.00	9.5000001465451E-7
962.00	9.5000001465451E-7
963.00	9.5000001465451E-7
964.00	9.5000001465451E-7
965.00	9.5000001465451E-7
966.00	9.5000001465451E-7
967.00	9.5000001465451E-7
968.00	9.5000001465451E-7
969.00	9.5000001465451E-7
970.00	9.5000001465451E-7
971.00	9.5000001465451E-7
972.00	9.5000001465451E-7
973.00	9.5000001465451E-7
974.00	9.5000001465451E-7
975.00	1.3297400300871E-6
976.00	1.4686100257677E-5
977.00	2.6660300136427E-5
978.00	1.9884599169018E-5
979.00	6.9361399255286E-6
980.00	9.5000001465451E-7
981.00	9.5000001465451E-7
982.00	9.5000001465451E-7
983.00	9.5000001465451E-7
984.00	9.5000001465451E-7
985.00	9.5000001465451E-7
986.00	9.5000001465451E-7
987.00	9.5000001465451E-7
988.00	9.5000001465451E-7
989.00	9.5000001465451E-7
990.00	9.5000001465451E-7
991.00	9.5000001465451E-7
992.00	9.5000001465451E-7
993.00	9.5000001465451E-7
994.00	7.6048700066167E-6
995.00	1.4678899788123E-5
996.00	8.9720497271628E-6
997.00	1.4214699604054E-6
998.00	9.5000001465451E-7
999.00	9.5000001465451E-7
1000.00	9.5000001465451E-7
1001.00	9.5000001465451E-7
1002.00	9.5000001465451E-7
1003.00	9.5000001465451E-7
1004.00	9.5000001465451E-7
1005.00	9.5000001465451E-7
1006.00	9.5000001465451E-7
1007.00	9.5000001465451E-7
1008.00	9.5000001465451E-7
1009.00	9.5000001465451E-7
1010.00	9.5000001465451E-7
1011.00	9.5000001465451E-7
1012.00	9.5000001465451E-7
1013.00	9.5000001465451E-7
1014.00	9.5000001465451E-7
1015.00	9.5000001465451E-7
1016.00	9.5000001465451E-7
1017.00	9.5000001465451E-7
1018.00	9.5000001465451E-7
1019.00	9.5000001465451E-7
1020.00	9.5000001465451E-7
1021.00	9.5000001465451E-7
1022.00	9.5000001465451E-7
1023.00	9.5000001465451E-7
1024.00	9.5000001465451E-7
1025.00	9.5000001465451E-7
1026.00	9.5000001465451E-7
1027.00	9.5000001465451E-7
1028.00	9.5000001465451E-7
1029.00	9.5000001465451E-7
1030.00	9.5000001465451E-7
1031.00	9.5000001465451E-7
1032.00	9.5000001465451E-7
1033.00	9.5000001465451E-7
1034.00	9.5000001465451E-7
1035.00	9.5000001465451E-7
1036.00	9.5000001465451E-7
1037.00	6.5098101913463E-6
1038.00	1.3893600225856E-5
1039.00	7.647329766769E-6
1040.00	9.5000001465451E-7
1041.00	9.5000001465451E-7
1042.00	9.5000001465451E-7
1043.00	9.5000001465451E-7
1044.00	9.5000001465451E-7
1045.00	9.5000001465451E-7
1046.00	9.5000001465451E-7
1047.00	9.5000001465451E-7
1048.00	9.5000001465451E-7
1049.00	9.5000001465451E-7
1050.00	9.5000001465451E-7
1051.00	9.5000001465451E-7
1052.00	9.5000001465451E-7
1053.00	9.5000001465451E-7
1054.00	9.5000001465451E-7
1055.00	9.5000001465451E-7
1056.00	9.5000001465451E-7
1057.00	9.5000001465451E-7
1058.00	9.5000001465451E-7
1059.00	9.5000001465451E-7
1060.00	9.5000001465451E-7
1061.00	9.5000001465451E-7
1062.00	9.5000001465451E-7
1063.00	9.5000001465451E-7
1064.00	9.5000001465451E-7
1065.00	9.5000001465451E-7
1066.00	9.5000001465451E-7
1067.00	9.5000001465451E-7
1068.00	9.5000001465451E-7
1069.00	9.5000001465451E-7
1070.00	9.5000001465451E-7
1071.00	9.5000001465451E-7
1072.00	9.5000001465451E-7
1073.00	9.5000001465451E-7
1074.00	1.3021500535615E-6
1075.00	3.8703901736881E-6
1076.00	3.9211900002556E-6
1077.00	2.014789970417E-6
1078.00	9.5000001465451E-7
1079.00	9.5000001465451E-7
1080.00	9.5000001465451E-7
1081.00	9.5000001465451E-7
1082.00	9.5000001465451E-7
1083.00	9.5000001465451E-7
1084.00	9.5000001465451E-7
1085.00	9.5000001465451E-7
1086.00	9.5000001465451E-7
1087.00	1.1390600320738E-6
1088.00	2.5179999738612E-6
1089.00	3.5205400763516E-6
1090.00	4.4156499825476E-6
1091.00	3.8131599922053E-6
1092.00	2.6795000849233E-6
1093.00	1.4876300156175E-6
1094.00	9.5000001465451E-7
1095.00	9.5000001465451E-7
1096.00	9.5000001465451E-7
1097.00	9.5052797632889E-7
1098.00	9.5000001465451E-7
1099.00	9.5000001465451E-7
1100.00	9.5000001465451E-7
1101.00	9.5000001465451E-7
1102.00	9.5000001465451E-7
1103.00	9.5000001465451E-7
1104.00	9.5000001465451E-7
1105.00	1.6846299786266E-6
1106.00	2.1195100998739E-6
1107.00	3.1315000796894E-6
1108.00	4.7022899707372E-6
1109.00	6.4401701820316E-6
1110.00	7.563090093754E-6
1111.00	8.528269972885E-6
1112.00	7.3584201345511E-6
1113.00	5.5198602240125E-6
1114.00	4.6179598029994E-6
1115.00	3.0081700970186E-6
1116.00	2.7266598863207E-6
1117.00	2.3863199203333E-6
1118.00	1.9771000552282E-6
1119.00	1.5720800092822E-6
1120.00	1.8468299458618E-6
1121.00	1.1532399639691E-6
1122.00	1.7334399444735E-6
1123.00	1.610460003576E-6
1124.00	1.6344599771401E-6
1125.00	1.0160999863729E-6
1126.00	1.3051900396022E-6
1127.00	1.2400299738147E-6
1128.00	9.5754398898862E-7
1129.00	1.7443300066589E-6
1130.00	9.5000001465451E-7
1131.00	1.0088300541611E-6
1132.00	1.1608500471993E-6
1133.00	1.7129899561041E-6
1134.00	9.5000001465451E-7
1135.00	9.5000001465451E-7
1136.00	9.5000001465451E-7
1137.00	1.475680051044E-6
1138.00	9.5000001465451E-7
1139.00	9.5000001465451E-7
1140.00	9.5000001465451E-7
1141.00	1.0735999467215E-6
1142.00	9.5000001465451E-7
1143.00	1.0015199904956E-6
1144.00	9.5000001465451E-7
1145.00	1.0644799885995E-6
1146.00	9.5000001465451E-7
1147.00	1.0757399877548E-6
1148.00	1.4435099728871E-6
1149.00	9.5000001465451E-7
1150.00	1.7438900385969E-6
1151.00	1.7897899624586E-6
1152.00	2.229339997939E-6
1153.00	2.8416200166248E-6
1154.00	2.6320599317842E-6
1155.00	3.4624399631866E-6
1156.00	4.3739601096604E-6
1157.00	5.3012099670013E-6
1158.00	7.3966498348454E-6
1159.00	1.0001899681811E-5
1160.00	1.3648100321006E-5
1161.00	1.9491200873745E-5
1162.00	2.9915099730715E-5
1163.00	4.7037199692568E-5
1164.00	8.1957798101939E-5
1165.00	0.00015909000649117
1166.00	0.00034451700048521
1167.00	0.00072130101034418
1168.00	0.0010721200378612
1169.00	0.00098162505310029
1170.00	0.00064164499053732
1171.00	0.00039871901390143
1172.00	0.00028330800705589
1173.00	0.00022362600429915
1174.00	0.00019153799803462
1175.00	0.00017604899767321
1176.00	0.00017060000391211
1177.00	0.00017161399591714
1178.00	0.00017953099450096
1179.00	0.00019388500368223
1180.00	0.00021653099975083
1181.00	0.0002484500000719
1182.00	0.00029389999690466
1183.00	0.00035833098809235
1184.00	0.00044764101039618
1185.00	0.00057484197895974
1186.00	0.00076059001730755
1187.00	0.0010357099818066
1188.00	0.0014422399690375
1189.00	0.0020644899923354
1190.00	0.0030524700414389
1191.00	0.004557860083878
1192.00	0.0069772298447788
1193.00	0.011016299948096
1194.00	0.017672499641776
1195.00	0.030435100197792
1196.00	0.060836799442768
1197.00	0.14491899311543
1198.00	0.26060700416565
1199.00	0.1642059981823
1200.00	0.060079399496317
1201.00	6.0490299802041E-5
