301.00	9.5000001465451E-7
302.00	1.0345900136599E-6
303.00	9.5000001465451E-7
304.00	9.5000001465451E-7
305.00	9.5000001465451E-7
306.00	9.5000001465451E-7
307.00	9.5000001465451E-7
308.00	9.5000001465451E-7
309.00	9.5000001465451E-7
310.00	9.5000001465451E-7
311.00	9.5000001465451E-7
312.00	9.5000001465451E-7
313.00	9.5000001465451E-7
314.00	9.5000001465451E-7
315.00	9.5000001465451E-7
316.00	9.5000001465451E-7
317.00	9.5000001465451E-7
318.00	9.5000001465451E-7
319.00	9.5000001465451E-7
320.00	2.6452698875801E-6
321.00	1.5102899624253E-6
322.00	2.58311001744E-6
323.00	1.8529200360717E-6
324.00	2.5684300908324E-6
325.00	2.8984900382056E-6
326.00	2.435569967929E-6
327.00	2.3560799036204E-6
328.00	2.5245299184462E-6
329.00	9.5000001465451E-7
330.00	2.3659199541726E-6
331.00	3.6166700283502E-6
332.00	9.5000001465451E-7
333.00	1.7649899746175E-6
334.00	2.3374700504064E-6
335.00	9.5000001465451E-7
336.00	1.8667600443223E-6
337.00	9.5000001465451E-7
338.00	2.6234099550493E-6
339.00	1.6662199868733E-6
340.00	5.0429798648111E-6
341.00	1.5978099554559E-6
342.00	2.7650501124299E-6
343.00	3.0757998956688E-6
344.00	2.0882300759695E-6
345.00	2.1076700704725E-6
346.00	2.2741999146092E-6
347.00	1.5181800563369E-6
348.00	9.5000001465451E-7
349.00	9.5000001465451E-7
350.00	3.3675798931654E-6
351.00	1.5681299601056E-6
352.00	1.2611800457307E-6
353.00	3.3853900731629E-6
354.00	2.8812501113862E-6
355.00	3.6412100143934E-6
356.00	3.817210199486E-6
357.00	6.5148601606779E-6
358.00	5.9411599977466E-6
359.00	1.7483600458945E-5
360.00	1.1915700270038E-5
361.00	6.0017500800313E-6
362.00	7.6762598837377E-6
363.00	1.5272199789251E-6
364.00	1.044580017151E-6
365.00	1.0290799536961E-6
366.00	2.0798800051125E-6
367.00	1.1138999980176E-6
368.00	1.350099978481E-6
369.00	1.9425199297984E-6
370.00	1.474590021644E-6
371.00	1.4648900332759E-6
372.00	6.3911497818481E-6
373.00	2.8649199066422E-6
374.00	1.7047500477929E-6
375.00	9.5000001465451E-7
376.00	9.5000001465451E-7
377.00	9.5000001465451E-7
378.00	9.5000001465451E-7
379.00	1.3625600558953E-6
380.00	9.5000001465451E-7
381.00	1.7685399598122E-6
382.00	1.3636599760503E-6
383.00	1.323800006503E-6
384.00	1.5528099766016E-6
385.00	1.0573800182101E-6
386.00	9.5000001465451E-7
387.00	9.5000001465451E-7
388.00	9.5000001465451E-7
389.00	1.0064600246551E-6
390.00	1.357029987048E-6
391.00	9.5000001465451E-7
392.00	1.306109993493E-6
393.00	2.7277098979539E-6
394.00	2.2384699605027E-6
395.00	1.8716500562732E-6
396.00	9.5000001465451E-7
397.00	9.5000001465451E-7
398.00	9.5000001465451E-7
399.00	3.0495800729113E-6
400.00	1.351609989797E-5
401.00	1.0580899925117E-6
402.00	1.1721699593181E-6
403.00	1.0538300330154E-6
404.00	1.1022500530089E-6
405.00	9.5000001465451E-7
406.00	1.8032500292975E-6
407.00	9.5000001465451E-7
408.00	4.1423099901294E-6
409.00	9.5000001465451E-7
410.00	9.5000001465451E-7
411.00	9.5000001465451E-7
412.00	1.9994099602627E-6
413.00	9.5000001465451E-7
414.00	9.5000001465451E-7
415.00	9.5000001465451E-7
416.00	9.5000001465451E-7
417.00	9.5000001465451E-7
418.00	9.5000001465451E-7
419.00	9.6640803803894E-7
420.00	9.5000001465451E-7
421.00	9.5000001465451E-7
422.00	9.5000001465451E-7
423.00	9.5000001465451E-7
424.00	9.5000001465451E-7
425.00	9.5000001465451E-7
426.00	9.5000001465451E-7
427.00	9.5000001465451E-7
428.00	9.5000001465451E-7
429.00	9.5000001465451E-7
430.00	1.8284299585503E-6
431.00	1.3144400554665E-6
432.00	9.5000001465451E-7
433.00	9.5000001465451E-7
434.00	9.5000001465451E-7
435.00	9.5000001465451E-7
436.00	9.5000001465451E-7
437.00	1.2184000297566E-6
438.00	9.5000001465451E-7
439.00	9.5000001465451E-7
440.00	9.5000001465451E-7
441.00	9.5000001465451E-7
442.00	9.5000001465451E-7
443.00	9.5000001465451E-7
444.00	9.5000001465451E-7
445.00	9.5000001465451E-7
446.00	9.5000001465451E-7
447.00	9.5000001465451E-7
448.00	1.6237800082308E-5
449.00	7.0525998125959E-6
450.00	1.1582400247789E-6
451.00	9.5000001465451E-7
452.00	9.5000001465451E-7
453.00	9.5000001465451E-7
454.00	9.5000001465451E-7
455.00	9.5000001465451E-7
456.00	9.5000001465451E-7
457.00	1.1505600014061E-5
458.00	9.5000001465451E-7
459.00	9.5000001465451E-7
460.00	9.5000001465451E-7
461.00	9.5000001465451E-7
462.00	9.5000001465451E-7
463.00	9.5000001465451E-7
464.00	9.5000001465451E-7
465.00	9.5000001465451E-7
466.00	9.5000001465451E-7
467.00	9.5000001465451E-7
468.00	9.5000001465451E-7
469.00	9.5000001465451E-7
470.00	9.5000001465451E-7
471.00	9.5000001465451E-7
472.00	9.5000001465451E-7
473.00	9.5000001465451E-7
474.00	9.5000001465451E-7
475.00	9.5000001465451E-7
476.00	9.5000001465451E-7
477.00	9.5000001465451E-7
478.00	9.5000001465451E-7
479.00	9.5000001465451E-7
480.00	9.5000001465451E-7
481.00	1.7251200006285E-6
482.00	9.5000001465451E-7
483.00	9.5000001465451E-7
484.00	9.5000001465451E-7
485.00	9.5000001465451E-7
486.00	9.5000001465451E-7
487.00	9.5000001465451E-7
488.00	1.6859399920577E-6
489.00	9.5000001465451E-7
490.00	9.5000001465451E-7
491.00	9.5000001465451E-7
492.00	9.5000001465451E-7
493.00	9.5000001465451E-7
494.00	9.5000001465451E-7
495.00	9.5000001465451E-7
496.00	9.5000001465451E-7
497.00	9.5000001465451E-7
498.00	9.5000001465451E-7
499.00	9.5000001465451E-7
500.00	9.5000001465451E-7
501.00	9.5000001465451E-7
502.00	9.5000001465451E-7
503.00	9.5000001465451E-7
504.00	9.5000001465451E-7
505.00	9.5000001465451E-7
506.00	9.5000001465451E-7
507.00	9.5000001465451E-7
508.00	9.5000001465451E-7
509.00	9.5000001465451E-7
510.00	9.5000001465451E-7
511.00	9.5000001465451E-7
512.00	9.5000001465451E-7
513.00	9.5000001465451E-7
514.00	9.5000001465451E-7
515.00	9.5000001465451E-7
516.00	9.5000001465451E-7
517.00	9.5000001465451E-7
518.00	9.5000001465451E-7
519.00	2.2388101115212E-6
520.00	9.5000001465451E-7
521.00	9.5000001465451E-7
522.00	9.5000001465451E-7
523.00	2.887350092351E-6
524.00	9.5000001465451E-7
525.00	9.5000001465451E-7
526.00	9.5000001465451E-7
527.00	9.5000001465451E-7
528.00	9.5000001465451E-7
529.00	9.5000001465451E-7
530.00	9.5000001465451E-7
531.00	9.5000001465451E-7
532.00	9.5000001465451E-7
533.00	2.0287200186431E-6
534.00	1.8453199572832E-6
535.00	2.1845301034773E-6
536.00	6.113019935583E-6
537.00	2.0863699319307E-6
538.00	9.5000001465451E-7
539.00	9.5000001465451E-7
540.00	9.5000001465451E-7
541.00	9.5000001465451E-7
542.00	9.5000001465451E-7
543.00	9.5000001465451E-7
544.00	9.5000001465451E-7
545.00	9.5000001465451E-7
546.00	1.0120400020242E-6
547.00	1.7301099433098E-6
548.00	4.1709099605214E-6
549.00	1.1457599612186E-5
550.00	4.4133001210866E-5
551.00	0.00020286699873395
552.00	0.0013016399461776
553.00	0.013671300373971
554.00	0.25157099962234
555.00	0.95824402570724
556.00	0.98808997869492
557.00	0.9869350194931
558.00	0.98542100191116
559.00	0.99730598926544
560.00	0.98607897758484
561.00	0.98917901515961
562.00	0.99401199817657
563.00	0.99046701192856
564.00	0.98144298791885
565.00	0.99092400074005
566.00	0.99142098426819
567.00	0.98329502344131
568.00	0.98463499546051
569.00	0.99004298448563
570.00	0.9920499920845
571.00	0.99054700136185
572.00	0.98481899499893
573.00	0.9840469956398
574.00	0.99143600463867
575.00	0.99270802736282
576.00	0.98973900079727
577.00	0.98577302694321
578.00	0.98904997110367
579.00	0.99262499809265
580.00	0.98629301786423
581.00	0.9797660112381
582.00	0.98435497283936
583.00	0.98716902732849
584.00	0.98706197738647
585.00	0.97881102561951
586.00	0.97105598449707
587.00	0.97160702943802
588.00	0.98209899663925
589.00	0.98741501569748
590.00	0.99151402711868
591.00	0.97934299707413
592.00	0.97233599424362
593.00	0.97251898050308
594.00	0.97728699445724
595.00	0.97441601753235
596.00	0.96509397029877
597.00	0.9573820233345
598.00	0.95894002914429
599.00	0.96505701541901
600.00	0.97198301553726
601.00	0.96860098838806
602.00	0.96661800146103
603.00	0.96690398454666
604.00	0.96973502635956
605.00	0.9774289727211
606.00	0.9760320186615
607.00	0.97741502523422
608.00	0.97325801849365
609.00	0.97065198421478
610.00	0.97226899862289
611.00	0.9760599732399
612.00	0.9755010008812
613.00	0.96752899885178
614.00	0.96137899160385
615.00	0.96590501070023
616.00	0.96930700540543
617.00	0.97659701108932
618.00	0.98147600889206
619.00	0.97797298431396
620.00	0.97207301855087
621.00	0.96986800432205
622.00	0.97497099637985
623.00	0.97816401720047
624.00	0.98035502433777
625.00	0.97575497627258
626.00	0.97519600391388
627.00	0.97724097967148
628.00	0.98111301660538
629.00	0.98796802759171
630.00	0.98659199476242
631.00	0.98073601722717
632.00	0.97374701499939
633.00	0.97350800037384
634.00	0.9767649769783
635.00	0.98074799776077
636.00	0.98084002733231
637.00	0.98254001140594
638.00	0.9749950170517
639.00	0.9697949886322
640.00	0.96848899126053
641.00	0.97052800655365
642.00	0.97819197177887
643.00	0.9765499830246
644.00	0.97382402420044
645.00	0.96757698059082
646.00	0.9657329916954
647.00	0.9677169919014
648.00	0.97391998767853
649.00	0.97755897045135
650.00	0.98221999406815
651.00	0.97479599714279
652.00	0.96566498279572
653.00	0.95859998464584
654.00	0.96105498075485
655.00	0.96540600061417
656.00	0.96984499692917
657.00	0.96951401233673
658.00	0.96192401647568
659.00	0.95628798007965
660.00	0.95561802387238
661.00	0.96066701412201
662.00	0.96980202198029
663.00	0.97573101520538
664.00	0.97890597581863
665.00	0.96794998645782
666.00	0.95546799898148
667.00	0.94832301139832
668.00	0.9505569934845
669.00	0.96173000335693
670.00	0.9695760011673
671.00	0.97361397743225
672.00	0.97629499435425
673.00	0.9701229929924
674.00	0.9665139913559
675.00	0.96478402614594
676.00	0.97297501564026
677.00	0.97479498386383
678.00	0.96993398666382
679.00	0.95725202560425
680.00	0.95166802406311
681.00	0.95364797115326
682.00	0.96051400899887
683.00	0.97053498029709
684.00	0.96471899747849
685.00	0.95134001970291
686.00	0.9404000043869
687.00	0.94231098890305
688.00	0.9383630156517
689.00	0.91926699876785
690.00	0.87915802001953
691.00	0.84783601760864
692.00	0.85144001245499
693.00	0.87094300985336
694.00	0.86354398727417
695.00	0.8823099732399
696.00	0.49600100517273
697.00	0.23435899615288
698.00	0.03015529923141
699.00	0.0083096995949745
700.00	0.0022826299536973
701.00	0.00075891497544944
702.00	0.0002910699986387
703.00	0.00012316099309828
704.00	5.8555699069984E-5
705.00	2.9836499379599E-5
706.00	1.6946100004134E-5
707.00	1.0652100172592E-5
708.00	5.6087201301125E-6
709.00	2.8955300876987E-6
710.00	3.4713600598479E-6
711.00	1.9126400729874E-6
712.00	2.176630005124E-6
713.00	2.505749989723E-6
714.00	1.814069946704E-6
715.00	1.7232199525097E-6
716.00	9.5000001465451E-7
717.00	1.5297099480449E-6
718.00	1.9196700122848E-6
719.00	1.6981000499072E-6
720.00	2.0648099052778E-6
721.00	1.7647699905865E-6
722.00	1.5954600485202E-6
723.00	9.5000001465451E-7
724.00	1.9061100147155E-6
725.00	2.1472699245351E-6
726.00	2.7834898901347E-6
727.00	3.7345400869526E-6
728.00	8.589409844717E-6
729.00	1.4702000044053E-5
730.00	8.2310998550383E-6
731.00	4.1693301682244E-6
732.00	4.704159891844E-6
733.00	1.4258999954109E-6
734.00	3.1969300380297E-6
735.00	2.3651900846744E-6
736.00	2.1120399651409E-6
737.00	2.6479099233256E-6
738.00	4.4958001126361E-6
739.00	2.1300400021573E-6
740.00	5.01594013258E-6
741.00	5.0212797759741E-6
742.00	3.7868899198656E-6
743.00	4.3176501094422E-6
744.00	4.1616799535404E-6
745.00	5.1128799896105E-6
746.00	2.8934800866409E-6
747.00	3.5245700473752E-6
748.00	4.4817797970609E-6
749.00	4.9278100959782E-6
750.00	6.9197399170662E-6
751.00	5.6328199207201E-6
752.00	7.1895701694302E-6
753.00	8.7189800979104E-6
754.00	7.7830200098106E-6
755.00	1.3101300282869E-5
756.00	9.5319801403093E-6
757.00	1.0020799891208E-5
758.00	7.0858600338397E-6
759.00	8.9497898443369E-6
760.00	7.0454298111144E-6
761.00	6.8224799179006E-6
762.00	7.913809895399E-6
763.00	6.7316900640435E-6
764.00	1.0068300070998E-5
765.00	1.2719699952868E-5
766.00	1.5206400348688E-5
767.00	1.3805900380248E-5
768.00	7.8237499110401E-6
769.00	7.9619203461334E-6
770.00	7.9728697528481E-6
771.00	7.9215596997528E-6
772.00	6.9475900090765E-6
773.00	6.4180499066424E-6
774.00	5.6091198530339E-6
775.00	2.5837500743364E-6
776.00	7.0261398832372E-6
777.00	4.5599299483001E-6
778.00	6.5170402194781E-6
779.00	6.6441198214306E-6
780.00	9.3914395620232E-6
781.00	5.1264401008666E-6
782.00	9.6967996796593E-6
783.00	1.1133500265714E-5
784.00	1.4768100299989E-5
785.00	1.3974899957248E-5
786.00	8.4385201262194E-6
787.00	1.2989399692742E-5
788.00	1.5335799616878E-5
789.00	1.5210200217552E-5
790.00	1.2813199646189E-5
791.00	1.7578600818524E-5
792.00	1.5469000572921E-5
793.00	1.3100099749863E-5
794.00	1.0552899766481E-5
795.00	2.1128700609552E-5
796.00	1.6689300537109E-5
797.00	1.852020068327E-5
798.00	1.5338000594056E-5
799.00	2.0150300770183E-5
800.00	1.0220000149275E-5
801.00	9.9939798019477E-6
802.00	1.0354399819335E-5
803.00	9.7856500360649E-6
804.00	8.9900795501308E-6
805.00	8.6783002188895E-6
806.00	7.9786195783527E-6
807.00	7.6739797805203E-6
808.00	7.5242101047479E-6
809.00	6.8248800744186E-6
810.00	6.5538702074264E-6
811.00	6.0347401813488E-6
812.00	5.4278898460325E-6
813.00	5.13259010404E-6
814.00	4.7920798351697E-6
815.00	4.2847900658671E-6
816.00	4.2796700654435E-6
817.00	3.8614298318862E-6
818.00	3.6772999010282E-6
819.00	4.1179800973623E-6
820.00	4.6382501750486E-6
821.00	4.8019601308624E-6
822.00	4.9340001169185E-6
823.00	5.701680038328E-6
824.00	6.1517098401964E-6
825.00	6.1084401750122E-6
826.00	6.7503301579563E-6
827.00	6.8963299781899E-6
828.00	7.0028299887781E-6
829.00	7.1269200816459E-6
830.00	7.0191299528233E-6
831.00	7.0760002017778E-6
832.00	7.1620402195549E-6
833.00	7.1162999120133E-6
834.00	7.2689499575063E-6
835.00	7.0561100073974E-6
836.00	6.9750199145346E-6
837.00	7.0451401370519E-6
838.00	7.4375097938173E-6
839.00	7.5018101597379E-6
840.00	7.3455198617012E-6
841.00	7.1479998950963E-6
842.00	6.8448198362603E-6
843.00	6.2501399042958E-6
844.00	5.8768500821316E-6
845.00	5.5524501476611E-6
846.00	5.1683800847968E-6
847.00	4.6308700802911E-6
848.00	4.0148102016246E-6
849.00	3.7409899960039E-6
850.00	3.3074300063163E-6
851.00	2.9229800020403E-6
852.00	2.915400045822E-6
853.00	2.7066300845036E-6
854.00	2.2019999050826E-6
855.00	2.1632999960275E-6
856.00	1.7428600358471E-6
857.00	1.411340008417E-6
858.00	1.3290699598656E-6
859.00	1.1244500228713E-6
860.00	1.0217800081591E-6
861.00	9.9420799415384E-7
862.00	9.5000001465451E-7
863.00	9.5000001465451E-7
864.00	9.5000001465451E-7
865.00	9.5000001465451E-7
866.00	9.5000001465451E-7
867.00	9.6369103630423E-7
868.00	1.1606399539232E-6
869.00	1.0420500302644E-6
870.00	1.2340500461505E-6
871.00	1.6924300325627E-6
872.00	1.8429600459058E-6
873.00	2.24979999075E-6
874.00	2.1466200905707E-6
875.00	2.3768400296831E-6
876.00	2.5744100184966E-6
877.00	2.8682100037258E-6
878.00	2.9766299576295E-6
879.00	3.1151300845522E-6
880.00	3.2913999348239E-6
881.00	3.2984100926114E-6
882.00	4.023239853268E-6
883.00	4.6344398469955E-6
884.00	5.9047201830253E-6
885.00	6.9340899244708E-6
886.00	8.2280403148616E-6
887.00	9.1559995780699E-6
888.00	1.0103300155606E-5
889.00	1.1010600246664E-5
890.00	1.1103999895568E-5
891.00	1.0600700079522E-5
892.00	9.9400704129948E-6
893.00	8.6748195826658E-6
894.00	7.4047597991012E-6
895.00	6.3591801335861E-6
896.00	5.6668100114621E-6
897.00	4.9013501666195E-6
898.00	4.8392898861493E-6
899.00	4.9381301323592E-6
900.00	5.4902197916817E-6
901.00	6.062829925213E-6
902.00	6.7129099079466E-6
903.00	6.8044200816075E-6
904.00	7.5022098826594E-6
905.00	7.1488798312203E-6
906.00	6.9598099798895E-6
907.00	6.1760501921526E-6
908.00	5.4181500672712E-6
909.00	4.752449967782E-6
910.00	4.1579401113268E-6
911.00	3.5834600566886E-6
912.00	3.1504400794802E-6
913.00	3.285410002718E-6
914.00	3.3302399060631E-6
915.00	3.4359700293862E-6
916.00	3.8068099001975E-6
917.00	4.6239401854109E-6
918.00	5.8483601605985E-6
919.00	6.7707901507674E-6
920.00	8.0796198744792E-6
921.00	9.5888799478416E-6
922.00	1.0472400390427E-5
923.00	1.0570300219115E-5
924.00	1.0237299647997E-5
925.00	9.4197002908913E-6
926.00	8.2131400631624E-6
927.00	7.4379599936947E-6
928.00	6.4721498347353E-6
929.00	5.6230301197502E-6
930.00	5.4572001317865E-6
931.00	5.3864100664214E-6
932.00	5.6743601817288E-6
933.00	6.1270397964108E-6
934.00	7.219719918794E-6
935.00	8.1426496763015E-6
936.00	9.469709766563E-6
937.00	1.0344499969506E-5
938.00	1.1015000382031E-5
939.00	1.0706699868024E-5
940.00	9.5218401838792E-6
941.00	8.2085898611695E-6
942.00	6.9299499045883E-6
943.00	5.7159400057571E-6
944.00	4.4840699047199E-6
945.00	3.7274101032381E-6
946.00	3.1308300094679E-6
947.00	3.0184301067493E-6
948.00	2.7354799385648E-6
949.00	2.7740400128096E-6
950.00	2.5921699489118E-6
951.00	2.6580698886391E-6
952.00	2.6710599740909E-6
953.00	2.9460900350387E-6
954.00	3.4088600386895E-6
955.00	4.0558998080087E-6
956.00	4.7010498747113E-6
957.00	5.5090299611038E-6
958.00	6.7097498686053E-6
959.00	8.6009504229878E-6
960.00	1.056420023815E-5
961.00	1.2448599591153E-5
962.00	1.4302099771157E-5
963.00	1.5935600458761E-5
964.00	1.6898100511753E-5
965.00	1.7609499991522E-5
966.00	1.7483900592197E-5
967.00	1.701899964246E-5
968.00	1.6800100638648E-5
969.00	1.6842999684741E-5
970.00	1.6726999092498E-5
971.00	1.7095400835387E-5
972.00	1.7434900655644E-5
973.00	1.8163800632465E-5
974.00	1.8869799532695E-5
975.00	1.9671599147841E-5
976.00	2.0355200831546E-5
977.00	2.0401499568834E-5
978.00	2.0172499716864E-5
979.00	1.9896600861102E-5
980.00	1.9479299226077E-5
981.00	1.8910599465016E-5
982.00	1.7745200239005E-5
983.00	1.7168700651382E-5
984.00	1.576290014782E-5
985.00	1.4792600268265E-5
986.00	1.3506100003724E-5
987.00	1.2163100109319E-5
988.00	1.1009199624823E-5
989.00	9.6639096227591E-6
990.00	8.4511602835846E-6
991.00	7.3489600254106E-6
992.00	6.3292200138676E-6
993.00	5.9205499383097E-6
994.00	5.0458597797842E-6
995.00	4.5998099267308E-6
996.00	3.9505498534709E-6
997.00	3.5699999898497E-6
998.00	3.356359911777E-6
999.00	3.2358700536861E-6
1000.00	3.0411199531954E-6
1001.00	3.0806800168648E-6
1002.00	3.0732498998987E-6
1003.00	2.9888399240008E-6
1004.00	3.3450000955781E-6
1005.00	3.3629100926191E-6
1006.00	3.6337598885439E-6
1007.00	3.896700036421E-6
1008.00	4.3164800445084E-6
1009.00	4.955109943694E-6
1010.00	5.8454597819946E-6
1011.00	6.4791797740327E-6
1012.00	7.3696000981727E-6
1013.00	8.4885396063328E-6
1014.00	9.3444696176448E-6
1015.00	9.9134904303355E-6
1016.00	1.055919983628E-5
1017.00	1.0361400200054E-5
1018.00	1.023359982355E-5
1019.00	9.4082197392709E-6
1020.00	8.580989742768E-6
1021.00	7.6106898632133E-6
1022.00	6.8042199927731E-6
1023.00	6.1609098338522E-6
1024.00	5.4525798987015E-6
1025.00	5.0403000386723E-6
1026.00	4.6570098675147E-6
1027.00	4.1219400372938E-6
1028.00	3.986900082964E-6
1029.00	3.5256200590084E-6
1030.00	3.4635700103536E-6
1031.00	3.1200900139083E-6
1032.00	3.0625299132225E-6
1033.00	2.9584600724775E-6
1034.00	2.71347994385E-6
1035.00	2.6688101115724E-6
1036.00	2.5316999199276E-6
1037.00	2.4608500552858E-6
1038.00	2.5260899292334E-6
1039.00	2.2742599412595E-6
1040.00	2.3287500425795E-6
1041.00	2.3227300971485E-6
1042.00	2.4102400857373E-6
1043.00	2.3668799258303E-6
1044.00	2.7061701075581E-6
1045.00	2.7934199806623E-6
1046.00	3.0291901111923E-6
1047.00	3.1633298931411E-6
1048.00	3.3504900329717E-6
1049.00	3.705939889187E-6
1050.00	4.4424700718082E-6
1051.00	4.869979875366E-6
1052.00	5.6662302085897E-6
1053.00	6.0525198932737E-6
1054.00	6.6991201492783E-6
1055.00	7.6368196459953E-6
1056.00	8.2347396528348E-6
1057.00	8.5226301962393E-6
1058.00	8.7443404481746E-6
1059.00	8.9985896920552E-6
1060.00	8.5960600699764E-6
1061.00	8.4900602814741E-6
1062.00	8.4310104284668E-6
1063.00	7.9737201303942E-6
1064.00	8.012930265977E-6
1065.00	7.563020062662E-6
1066.00	7.5628900049196E-6
1067.00	7.7862496254966E-6
1068.00	7.842099876143E-6
1069.00	8.3914601418655E-6
1070.00	8.8559900177643E-6
1071.00	9.5099903774098E-6
1072.00	1.0606900104904E-5
1073.00	1.1592599548749E-5
1074.00	1.2795800103049E-5
1075.00	1.4001599993207E-5
1076.00	1.4817000192124E-5
1077.00	1.5738000001875E-5
1078.00	1.5785899449838E-5
1079.00	1.5460100257769E-5
1080.00	1.4653700418421E-5
1081.00	1.3569399925473E-5
1082.00	1.2152299859736E-5
1083.00	1.0912999641732E-5
1084.00	1.0066100003314E-5
1085.00	8.9752002168098E-6
1086.00	7.9792898759479E-6
1087.00	7.6404503488448E-6
1088.00	7.5857601586904E-6
1089.00	7.1073500294005E-6
1090.00	7.1696099439578E-6
1091.00	7.125609954528E-6
1092.00	7.0822898123879E-6
1093.00	7.650050065422E-6
1094.00	7.8166003731894E-6
1095.00	8.3488102973206E-6
1096.00	9.2636000772472E-6
1097.00	9.6312896857853E-6
1098.00	1.0712199582485E-5
1099.00	1.119349963119E-5
1100.00	1.1914999959117E-5
1101.00	1.2350200449873E-5
1102.00	1.2504299775173E-5
1103.00	1.2069100193912E-5
1104.00	1.1641899618553E-5
1105.00	1.0480300261406E-5
1106.00	9.6846697488218E-6
1107.00	8.6574300439679E-6
1108.00	7.7990198406042E-6
1109.00	7.1170697992784E-6
1110.00	6.5639001149975E-6
1111.00	5.8885398175335E-6
1112.00	5.5693999456707E-6
1113.00	5.3423200370162E-6
1114.00	4.9139398470288E-6
1115.00	5.0385001486575E-6
1116.00	4.8259798859362E-6
1117.00	4.6916497922211E-6
1118.00	4.8696101657697E-6
1119.00	5.0447001740395E-6
1120.00	4.9594400479691E-6
1121.00	5.3493899940804E-6
1122.00	5.564710136241E-6
1123.00	5.9139902077732E-6
1124.00	6.4888399720076E-6
1125.00	6.8156100496708E-6
1126.00	7.073449978634E-6
1127.00	7.3437499850115E-6
1128.00	7.6849801189383E-6
1129.00	7.6287401498121E-6
1130.00	7.3187798079744E-6
1131.00	7.287059816008E-6
1132.00	6.6839002101915E-6
1133.00	6.3528600549034E-6
1134.00	5.6409498938592E-6
1135.00	5.0367298172205E-6
1136.00	4.6042600843066E-6
1137.00	4.2924598346872E-6
1138.00	4.2073997974512E-6
1139.00	3.7588299619529E-6
1140.00	3.4233000860695E-6
1141.00	3.3503399663459E-6
1142.00	3.2994701086864E-6
1143.00	2.9856998935429E-6
1144.00	2.9023899514868E-6
1145.00	3.1847300761001E-6
1146.00	3.0922799396649E-6
1147.00	2.9914499464212E-6
1148.00	3.0403800792556E-6
1149.00	3.2674499834684E-6
1150.00	3.3368999083905E-6
1151.00	3.6177000311E-6
1152.00	3.7516199427046E-6
1153.00	3.94240987589E-6
1154.00	4.3322302190063E-6
1155.00	4.7105500016187E-6
1156.00	5.4994297897792E-6
1157.00	6.2705698837817E-6
1158.00	6.8013700911251E-6
1159.00	7.5160201049584E-6
1160.00	8.875819730747E-6
1161.00	1.0083400411531E-5
1162.00	1.1446900316514E-5
1163.00	1.2890400284959E-5
1164.00	1.3767899872619E-5
1165.00	1.4478699995379E-5
1166.00	1.4610100151913E-5
1167.00	1.4531499800796E-5
1168.00	1.3692700122192E-5
1169.00	1.2836800124205E-5
1170.00	1.1748899851227E-5
1171.00	1.091539979825E-5
1172.00	9.9973203759873E-6
1173.00	9.3326598289423E-6
1174.00	8.5197998487274E-6
1175.00	7.9249202826759E-6
1176.00	7.4781501098187E-6
1177.00	7.0694500209356E-6
1178.00	6.6544398578117E-6
1179.00	6.9167099354672E-6
1180.00	6.2796898419037E-6
1181.00	6.173710062285E-6
1182.00	6.2669300859852E-6
1183.00	6.153280082799E-6
1184.00	6.4859900703595E-6
1185.00	6.5524800447747E-6
1186.00	6.8146400735714E-6
1187.00	7.0670698733011E-6
1188.00	7.5312800618121E-6
1189.00	7.7385502663674E-6
1190.00	8.5025303633302E-6
1191.00	9.1104102466488E-6
1192.00	9.8458704087534E-6
1193.00	1.0794299669215E-5
1194.00	1.2075899576303E-5
1195.00	1.3331099580682E-5
1196.00	1.5051599802973E-5
1197.00	1.7129699699581E-5
1198.00	1.9944900486735E-5
1199.00	2.2775699108024E-5
1200.00	2.6998699468095E-5
1201.00	6.0490299802041E-5
